     0/599     3.36G     0.077   0.02104         0   0.09804        11       640  0.001328   0.06154 0.0001439 2.078e-05    0.1026   0.03304         0
     1/599     3.35G   0.06646   0.01895         0    0.0854        17       640  0.001896    0.1487 0.0002931 4.683e-05   0.09875   0.03302         0
     2/599     3.35G   0.05648   0.01839         0   0.07487        22       640   0.01548    0.1564  0.009435  0.001714   0.09341   0.03343         0
     3/599     3.35G   0.05189   0.01723         0   0.06913        25       640     0.136    0.3359   0.09012   0.01768    0.1012   0.02848         0
     4/599     3.35G   0.03867   0.01515         0   0.05382        17       640    0.4733    0.3964    0.3756    0.1031    0.1007   0.02576         0
     5/599     3.35G   0.03775   0.01404         0   0.05179        10       640    0.3414    0.3795    0.2653   0.05447   0.09798   0.02834         0
     6/599     3.35G   0.03488   0.01389         0   0.04877        11       640    0.3118    0.5902     0.312   0.07924   0.09666   0.02746         0
     7/599     3.35G   0.03411   0.01397         0   0.04807        23       640    0.3693    0.5884    0.3499   0.08034   0.09651   0.02546         0
     8/599     3.35G   0.03321   0.01214         0   0.04535        24       640    0.5236    0.7271    0.5441    0.2077    0.0922   0.02703         0
     9/599     3.35G   0.03067   0.01255         0   0.04322        18       640    0.5269    0.6513    0.5197    0.1898   0.09459   0.02463         0
    10/599     3.35G   0.03352   0.01214         0   0.04566        33       640    0.5371    0.5179    0.4721     0.126   0.09832   0.02435         0
    11/599     3.35G   0.03344   0.01099         0   0.04443        20       640    0.4635    0.6718    0.5035    0.1482   0.09497    0.0238         0
    12/599     3.35G   0.02805   0.01033         0   0.03839        39       640    0.6106    0.7282     0.726    0.3318   0.08714   0.02469         0
    13/599     3.35G   0.02753  0.009619         0   0.03715        18       640    0.7691    0.7941    0.8242    0.4496   0.08401   0.02497         0
    14/599     3.35G    0.0237  0.009541         0   0.03324        22       640    0.7706    0.8308    0.8253    0.4789   0.08156   0.02408         0
    15/599     3.35G   0.02355  0.008898         0   0.03245        14       640    0.8377    0.8072     0.866    0.5054     0.082   0.02398         0
    16/599     3.35G   0.02663  0.009548         0   0.03617         6       640    0.7333    0.8744    0.8488    0.4895   0.08046   0.02404         0
    17/599     3.35G   0.02423  0.009306         0   0.03354         5       640    0.8108     0.846    0.8713    0.5328   0.08043   0.02351         0
    18/599     3.35G   0.02087  0.009184         0   0.03006        20       640     0.698    0.8359    0.8096    0.4728    0.0805   0.02501         0
    19/599     3.35G   0.02221  0.009388         0    0.0316        32       640    0.7669    0.7846    0.8289    0.4843   0.08225   0.02548         0
    20/599     3.35G    0.0197  0.008774         0   0.02847        18       640    0.7888    0.8333    0.8773    0.5273   0.07906   0.02352         0
    21/599     3.35G   0.02277  0.009521         0   0.03229        10       640    0.8092     0.848    0.8761    0.5426   0.07778   0.02338         0
    22/599     3.35G      0.02  0.009922         0   0.02993        15       640    0.7112    0.7897    0.7934    0.4814   0.07969   0.02624         0
    23/599     3.35G   0.02165  0.008455         0    0.0301        28       640     0.758    0.8513    0.8557    0.4911   0.08369   0.02106         0
    24/599     3.35G   0.01932  0.008729         0   0.02805        22       640    0.8014    0.8071    0.8591    0.5282   0.08186   0.02135         0
    25/599     3.35G   0.01916  0.007859         0   0.02702        10       640    0.8231    0.8487    0.8848    0.5599   0.08188   0.02145         0
    26/599     3.35G   0.02179  0.007965         0   0.02976        28       640    0.8055    0.8179    0.8722    0.5247   0.08331   0.02046         0
    27/599     3.35G   0.02112  0.008787         0   0.02991        14       640    0.7805    0.8025    0.8507    0.5036   0.08493   0.02253         0
    28/599     3.35G   0.01812  0.008624         0   0.02674        26       640    0.7308    0.8355    0.8447    0.5221   0.08299   0.02108         0
    29/599     3.35G   0.01866  0.008297         0   0.02696        15       640    0.7935    0.8274    0.8747    0.5504   0.08231   0.02063         0
    30/599     3.35G   0.01986  0.007793         0   0.02766        21       640    0.8185    0.8333    0.8824    0.5639    0.0812   0.02009         0
    31/599     3.35G   0.01803  0.008231         0   0.02626        27       640    0.8414    0.8433     0.896    0.5641   0.08098   0.01974         0
    32/599     3.35G   0.01918  0.007574         0   0.02676        16       640    0.8137    0.8769    0.8936    0.5592    0.0815    0.0202         0
    33/599     3.35G   0.02105  0.007989         0   0.02904        41       640    0.8176    0.8736    0.9124    0.5789   0.08085   0.02002         0
    34/599     3.35G   0.01701  0.007932         0   0.02495        18       640    0.8052    0.9128    0.9228    0.5759   0.08147   0.01955         0
    35/599     3.35G   0.02035  0.007603         0   0.02795        14       640     0.829    0.8846    0.9197    0.5881   0.08148   0.02019         0
    36/599     3.35G    0.0191   0.00708         0   0.02618        18       640    0.8221    0.8897     0.917     0.595   0.08113   0.02039         0
    37/599     3.35G   0.01848  0.007209         0   0.02568        26       640    0.8397    0.8868    0.9233    0.5891   0.08127   0.02019         0
    38/599     3.35G   0.01807  0.007263         0   0.02534        12       640     0.844    0.8741    0.9253    0.5973   0.08062   0.02023         0
    39/599     3.35G   0.01705  0.006719         0   0.02376        11       640    0.8684    0.8641    0.9196    0.5962    0.0801    0.0201         0
    40/599     3.35G   0.01854  0.008006         0   0.02655        24       640    0.8488    0.8639    0.9192    0.5847   0.08038   0.02039         0
    41/599     3.35G   0.02019  0.006933         0   0.02712        28       640    0.8349    0.8817    0.9238    0.5981   0.08025   0.02019         0
    42/599     3.35G   0.01771  0.006917         0   0.02462         9       640    0.8423    0.8763    0.9221    0.5614   0.08154   0.01976         0
    43/599     3.35G   0.01836  0.007304         0   0.02566        35       640    0.8113    0.8949    0.9089    0.5707    0.0813    0.0212         0
    44/599     3.35G   0.01801  0.007355         0   0.02537        23       640    0.8305    0.8794    0.9108    0.5782   0.08064   0.02048         0
    45/599     3.35G   0.01753  0.006813         0   0.02434        14       640     0.851    0.8231    0.8931     0.557   0.08122   0.02221         0
    46/599     3.35G   0.01953  0.007249         0   0.02678        20       640    0.8004    0.8844     0.905    0.5642   0.08086   0.02159         0
    47/599     3.35G   0.01871  0.008882         0   0.02759        31       640    0.7691    0.8308    0.8193     0.503   0.08225   0.02299         0
    48/599     3.35G   0.01885  0.008745         0   0.02759        22       640    0.7806    0.8487    0.8553    0.5188   0.08272   0.02332         0
    49/599     3.35G    0.0187  0.008276         0   0.02697        31       640     0.803    0.8692    0.8861     0.538   0.08256   0.02148         0
    50/599     3.35G   0.01912  0.007969         0   0.02709        29       640    0.8175    0.8382    0.8781    0.5373   0.08166   0.02156         0
    51/599     3.35G   0.01985  0.007668         0   0.02751        11       640    0.8251    0.8718    0.9042    0.5501   0.08159   0.02098         0
    52/599     3.35G   0.01806  0.007872         0   0.02593        16       640    0.8114     0.841    0.8747    0.5492   0.08125   0.02527         0
    53/599     3.35G   0.01755  0.007741         0   0.02529        17       640    0.7864    0.8974    0.9001    0.5747   0.08039   0.02068         0
    54/599     3.35G   0.01976  0.007638         0    0.0274        10       640    0.8365     0.859    0.9087    0.5912   0.08051   0.02149         0
    55/599     3.35G   0.02105  0.007352         0    0.0284         7       640    0.8229    0.8949    0.9023    0.5674   0.08091   0.02111         0
    56/599     3.35G   0.01845  0.007396         0   0.02585        31       640    0.8729    0.8282     0.913     0.583   0.08054   0.02145         0
    57/599     3.35G   0.01737  0.007351         0   0.02472        12       640    0.8846    0.8462    0.9251    0.5885   0.08107   0.02129         0
    58/599     3.35G   0.02055  0.007086         0   0.02764        15       640    0.7872      0.92     0.915    0.5651   0.08146    0.0209         0
    59/599     3.35G   0.01888  0.008886         0   0.02777        12       640    0.8182    0.7692    0.8501    0.5224   0.08187   0.02198         0
    60/599     3.35G   0.01712  0.008249         0   0.02537        17       640    0.8035    0.8923    0.8927    0.5543   0.08203   0.02133         0
    61/599     3.35G   0.01741  0.007285         0   0.02469        29       640     0.827    0.8718     0.894    0.5575   0.08193   0.02156         0
    62/599     3.35G    0.0194  0.008107         0   0.02751        10       640     0.102    0.1615   0.04552   0.02573   0.08923   0.05189         0
    63/599     3.35G   0.01865   0.01036         0   0.02901        31       640    0.7651    0.7766    0.7924    0.4773   0.08324   0.02684         0
    64/599     3.35G   0.01897  0.008113         0   0.02708        16       640    0.8166    0.8332    0.8735    0.5396   0.08229   0.02253         0
    65/599     3.35G   0.01801  0.007665         0   0.02567        17       640    0.8111    0.8589    0.8826    0.5465   0.08201   0.02206         0
    66/599     3.35G   0.01952   0.00735         0   0.02687        19       640     0.825     0.859    0.9093    0.5715   0.08126   0.02113         0
    67/599     3.35G   0.01846  0.007266         0   0.02573        17       640     0.825    0.8718    0.9176    0.5808   0.08103   0.02087         0
    68/599     3.35G   0.01829  0.007228         0   0.02552        19       640    0.8297       0.9    0.9144    0.5811   0.08127   0.02095         0
    69/599     3.35G   0.01882  0.007372         0   0.02619        20       640     0.103   0.04103   0.01833  0.009246   0.09689   0.05114         0
    70/599     3.35G   0.01997  0.009163         0   0.02913        11       640    0.7812    0.8154    0.8573    0.5168   0.08259   0.02172         0
    71/599     3.35G   0.01682  0.008024         0   0.02484         6       640    0.8109     0.841     0.895    0.5624   0.08072   0.02164         0
    72/599     3.35G   0.02057  0.007941         0   0.02851        15       640    0.8423    0.8513    0.9132    0.5544   0.08129   0.02164         0
    73/599     3.35G   0.01732    0.0077         0   0.02502        18       640    0.7993    0.9026      0.91    0.5558    0.0813   0.02189         0
    74/599     3.35G   0.01861  0.007421         0   0.02603        15       640    0.7213    0.8426    0.8477    0.5087   0.08088   0.02349         0
    75/599     3.35G   0.01933  0.008023         0   0.02736        24       640     0.814    0.7897    0.8524     0.515   0.08131   0.02356         0
    76/599     3.35G   0.01882  0.008311         0   0.02713        37       640     0.786    0.8487    0.8772    0.5401   0.08115   0.02229         0
    77/599     3.35G   0.01823  0.007867         0   0.02609        17       640    0.7808    0.8768    0.8917    0.5483   0.08136   0.02182         0
    78/599     3.35G   0.01776  0.008076         0   0.02583        25       640    0.8052    0.8692    0.8995    0.5657   0.08074   0.02263         0
    79/599     3.35G   0.01904  0.007598         0   0.02664        27       640    0.8571    0.8461    0.9045    0.5612   0.08067   0.02139         0
    80/599     3.35G   0.02076  0.007289         0   0.02805        10       640    0.8033    0.9026    0.9222    0.5764   0.08064   0.02159         0
    81/599     3.35G    0.0194  0.007405         0   0.02681        17       640    0.8304    0.7409    0.8542    0.4853   0.08413   0.02605         0
    82/599     3.35G   0.02098  0.009352         0   0.03033        40       640    0.7697    0.7462    0.8014    0.4676    0.0828   0.02551         0
    83/599     3.35G   0.02152  0.009818         0   0.03134        23       640    0.6439    0.7051    0.7018    0.3972   0.08263   0.02812         0
    84/599     3.35G   0.02458  0.009905         0   0.03448        22       640    0.6942    0.8154    0.7813    0.4272   0.08367   0.02629         0
    85/599     3.35G   0.02262  0.009848         0   0.03247        13       640    0.7695    0.7744    0.8166    0.4617   0.08277   0.02476         0
    86/599     3.35G   0.01964  0.008827         0   0.02846        23       640    0.7965    0.8228     0.871    0.5062    0.0823   0.02313         0
    87/599     3.35G   0.01837  0.008916         0   0.02729        38       640    0.8468    0.7821    0.8825    0.5393   0.08135   0.02246         0
    88/599     3.35G   0.01955   0.00824         0   0.02779        22       640    0.7662    0.8923    0.8943    0.5495    0.0814   0.02209         0
    89/599     3.35G   0.01884  0.008495         0   0.02733        17       640    0.1019    0.2282    0.0435   0.01674    0.1006   0.04054         0
    90/599     3.35G   0.01995   0.01103         0   0.03098        21       640    0.7732    0.7255    0.7953    0.4602   0.08284   0.02527         0
    91/599     3.35G   0.01961  0.009008         0   0.02862        18       640    0.7715    0.8436     0.847    0.4917   0.08313   0.02326         0
    92/599     3.35G   0.02089  0.008242         0   0.02913        12       640    0.8102    0.8128    0.8671    0.5286   0.08214   0.02305         0
    93/599     3.35G   0.01875  0.008314         0   0.02706        22       640    0.8767    0.8203    0.9015    0.5518   0.08218   0.02235         0
    94/599     3.35G   0.02125   0.00948         0   0.03073         6       640     0.744    0.7229    0.7605    0.4336   0.08463   0.02849         0
    95/599     3.35G   0.02078  0.009313         0   0.03009        29       640     0.777    0.8487    0.8492    0.4968    0.0841   0.02322         0
    96/599     3.35G   0.02061  0.009094         0   0.02971        20       640    0.7732       0.7    0.7942    0.4607   0.08583   0.02432         0
    97/599     3.35G   0.02366   0.01007         0   0.03372        20       640    0.8114    0.7744     0.843    0.4982   0.08422   0.02485         0
    98/599     3.35G   0.02046  0.009318         0   0.02978        17       640    0.7932    0.8308    0.8761      0.53   0.08356   0.02282         0
    99/599     3.35G   0.01929   0.00905         0   0.02834        17       640    0.8062    0.8333    0.8962    0.5295   0.08333   0.02316         0
   100/599     3.35G   0.01958   0.00867         0   0.02825        11       640     0.822    0.8405    0.9026    0.5492    0.0826    0.0224         0
   101/599     3.35G    0.0215  0.008723         0   0.03022        22       640    0.7859    0.8845    0.8941    0.5621   0.08235    0.0225         0
   102/599     3.35G   0.02088   0.00894         0   0.02982        34       640    0.8162    0.8537    0.8934    0.5668   0.08309   0.02301         0
   103/599     3.35G   0.01908  0.008529         0   0.02761        25       640    0.8546    0.8308    0.9059    0.5651   0.08222   0.02235         0
   104/599     3.35G   0.01927  0.007913         0   0.02718         8       640    0.8153    0.8718    0.9079    0.5717   0.08243   0.02236         0
   105/599     3.35G   0.02128  0.007586         0   0.02886        14       640    0.8734    0.8154    0.9129    0.5789   0.08231   0.02264         0
   106/599     3.35G   0.01804   0.00783         0   0.02587        24       640    0.8407    0.8538    0.9155    0.5832   0.08229   0.02198         0
   107/599     3.35G    0.0222  0.007626         0   0.02983        25       640    0.8913    0.8409    0.9187    0.5608   0.08346   0.02213         0
   108/599     3.35G   0.01872  0.007324         0   0.02604        14       640    0.8782    0.8513    0.9186     0.593   0.08217   0.02183         0
   109/599     3.35G   0.01717  0.007215         0   0.02438        11       640     0.872    0.8564    0.9227    0.5945   0.08203   0.02131         0
   110/599     3.35G   0.01711  0.007155         0   0.02427        12       640    0.8673    0.8436    0.9262    0.5906   0.08236   0.02151         0
   111/599     3.35G   0.01772  0.007269         0   0.02499        17       640    0.8507    0.8513     0.919     0.583   0.08255   0.02176         0
   112/599     3.35G    0.0197  0.007897         0   0.02759        14       640    0.7779    0.8821    0.8924    0.5515   0.08263   0.02254         0
   113/599     3.35G   0.01721  0.007815         0   0.02502        19       640    0.8583    0.8179    0.9113    0.5716   0.08192   0.02239         0
   114/599     3.35G   0.01886  0.007829         0   0.02669        34       640    0.8703    0.8487    0.9212    0.5713   0.08228   0.02258         0
   115/599     3.35G   0.01952  0.007184         0   0.02671        38       640    0.8492    0.8692    0.9229    0.5714    0.0824   0.02251         0
   116/599     3.35G    0.0187  0.007508         0   0.02621        10       640    0.8239    0.8639    0.9081     0.578   0.08242   0.02261         0
   117/599     3.35G    0.0179  0.007381         0   0.02528        15       640    0.8411     0.859    0.9151    0.5672   0.08284   0.02203         0
   118/599     3.35G   0.01818  0.007365         0   0.02555        18       640    0.8507    0.8487    0.9189    0.5908   0.08241   0.02215         0
   119/599     3.35G     0.019  0.007166         0   0.02616        24       640    0.8382    0.8641    0.9178    0.5771   0.08291   0.02179         0
   120/599     3.35G    0.0185   0.00719         0   0.02569        16       640    0.8733    0.8305    0.9201    0.5872   0.08265    0.0216         0
   121/599     3.35G    0.0202  0.007387         0   0.02759        16       640    0.8178    0.8632    0.9094     0.592   0.08249   0.02172         0
   122/599     3.35G   0.01815  0.007205         0   0.02535        20       640    0.8093    0.8922     0.919    0.6003   0.08255    0.0221         0
   123/599     3.35G   0.01754  0.007159         0    0.0247        31       640     0.824    0.8641    0.9199    0.5978   0.08223   0.02169         0
   124/599     3.35G   0.01719  0.006658         0   0.02384        15       640    0.8288    0.8687    0.9281    0.5926   0.08252   0.02152         0
   125/599     3.35G   0.01693  0.006459         0   0.02339        31       640    0.8419     0.874    0.9265    0.5931   0.08234   0.02165         0
   126/599     3.35G   0.01764  0.007437         0   0.02507        16       640    0.7985    0.8744    0.9025     0.564   0.08245   0.02269         0
   127/599     3.35G   0.01751  0.007694         0    0.0252        13       640    0.7799       0.8     0.846    0.5221   0.08177   0.02356         0
   128/599     3.35G   0.01997  0.008423         0   0.02839        31       640    0.8127    0.7457    0.8345    0.5231   0.08281    0.0244         0
   129/599     3.35G   0.01935  0.008762         0   0.02811        11       640    0.7798    0.5812    0.6978    0.4089   0.08859   0.02588         0
   130/599     3.35G   0.01964  0.009083         0   0.02873        32       640    0.8094    0.7946    0.8697    0.5344   0.08277   0.02315         0
   131/599     3.35G   0.02034  0.009218         0   0.02956        12       640    0.7181     0.759    0.7548    0.4344   0.08516   0.02414         0
   132/599     3.35G   0.02032   0.00976         0   0.03008        21       640    0.7547    0.8205    0.8353    0.5015   0.08305   0.02329         0
   133/599     3.35G   0.02156   0.00901         0   0.03057        10       640    0.6485    0.7427    0.6779    0.3568   0.08779   0.02396         0
   134/599     3.35G   0.02325  0.009052         0   0.03231        23       640     0.708    0.8154    0.8052    0.4537   0.08522   0.02357         0
   135/599     3.35G   0.02355  0.009015         0   0.03256         7       640    0.7773    0.7606    0.8114    0.4691   0.08379   0.02397         0
   136/599     3.35G   0.02407  0.009235         0   0.03331        10       640    0.4654    0.4718    0.4245    0.1951   0.08937   0.03333         0
   137/599     3.35G   0.02441   0.01096         0   0.03537        26       640    0.6618    0.7076    0.7148    0.3871   0.08542   0.02596         0
   138/599     3.35G   0.02163  0.009345         0   0.03097        13       640    0.7439     0.797    0.8261    0.4676   0.08261   0.02478         0
   139/599     3.35G   0.02192  0.009067         0   0.03098        15       640    0.8041    0.7795    0.8612    0.5002   0.08206    0.0246         0
   140/599     3.35G   0.02285  0.008254         0    0.0311        32       640    0.8045    0.8154    0.8762    0.5266   0.08145   0.02403         0
   141/599     3.35G   0.02266  0.008787         0   0.03144        20       640    0.8265     0.782    0.8573    0.5208   0.08202   0.02431         0
   142/599     3.35G    0.0201  0.008722         0   0.02882        37       640    0.7863    0.8308    0.8624    0.5236   0.08218   0.02383         0
   143/599     3.35G   0.01961  0.008335         0   0.02794         8       640    0.8182    0.8307    0.8827    0.5358   0.08153   0.02465         0
   144/599     3.35G   0.02016   0.00812         0   0.02828        33       640    0.7981    0.8615    0.8903    0.5425   0.08106   0.02399         0
   145/599     3.35G   0.02174   0.00829         0   0.03003        24       640    0.7956    0.8487    0.8819    0.5365   0.08081   0.02415         0
   146/599     3.35G   0.02259   0.01029         0   0.03288        19       640    0.7305    0.7051    0.7337     0.388   0.08576   0.03026         0
   147/599     3.35G   0.02245   0.01001         0   0.03246        15       640    0.6928    0.7343    0.7526    0.4086   0.08412   0.02784         0
   148/599     3.35G   0.02148  0.009598         0   0.03108        17       640     0.774       0.8    0.8234    0.4812    0.0814   0.02544         0
   149/599     3.35G   0.02493  0.009327         0   0.03425        17       640    0.7726    0.8487    0.8706    0.5209   0.08167   0.02449         0
   150/599     3.35G    0.0224  0.009168         0   0.03157        16       640    0.7991     0.841     0.881    0.5234   0.08251   0.02365         0
   151/599     3.35G   0.02339  0.009619         0   0.03301        20       640    0.7571    0.8633    0.8714    0.5248   0.08222   0.02363         0
   152/599     3.35G    0.0222  0.008542         0   0.03074        18       640    0.7918    0.8581     0.872     0.534   0.08184   0.02303         0
   153/599     3.35G    0.0218  0.008788         0   0.03059        14       640    0.7843    0.8769    0.8784     0.545   0.08164   0.02289         0
   154/599     3.35G   0.01894  0.008692         0   0.02763        16       640    0.7798    0.8716    0.8638    0.5379   0.08152    0.0231         0
   155/599     3.35G   0.01866   0.00807         0   0.02673         9       640    0.7944    0.8717    0.8872    0.5526   0.08151   0.02275         0
   156/599     3.35G   0.01896   0.00834         0    0.0273        24       640    0.7787    0.8846    0.8773    0.5532   0.08124   0.02301         0
   157/599     3.35G    0.0202  0.008162         0   0.02836        12       640    0.7832    0.8821    0.8951    0.5646    0.0813   0.02258         0
   158/599     3.35G   0.02099  0.008539         0   0.02953        22       640    0.8341    0.8377    0.8967    0.5659   0.08123   0.02223         0
   159/599     3.35G   0.02166  0.007627         0   0.02928        15       640    0.8114    0.8615    0.8848     0.553   0.08149   0.02258         0
   160/599     3.35G   0.02138  0.008715         0    0.0301        15       640    0.8007    0.8872    0.8923    0.5487   0.08164   0.02305         0
   161/599     3.35G   0.01822  0.009152         0   0.02737        11       640    0.8138    0.7308    0.8251    0.5083   0.08228   0.02506         0
   162/599     3.35G   0.02028  0.009461         0   0.02974        13       640    0.8256    0.7538     0.834    0.5078    0.0823   0.02549         0
   163/599     3.35G    0.0225  0.009484         0   0.03198        26       640    0.7713    0.8304    0.8566    0.5226   0.08255   0.02461         0
   164/599     3.35G    0.0195  0.008059         0   0.02756        17       640    0.7842     0.859    0.8723    0.5483   0.08229   0.02441         0
   165/599     3.35G   0.02094  0.008334         0   0.02928        21       640    0.7547    0.8205    0.8552    0.5027   0.08254   0.02523         0
   166/599     3.35G   0.02056  0.009042         0    0.0296        23       640    0.7662    0.7816    0.8206    0.4781   0.08381   0.02591         0
   167/599     3.35G      0.02  0.008695         0    0.0287        14       640    0.7617    0.7872    0.8406    0.5001   0.08289    0.0248         0
   168/599     3.35G   0.01949  0.008839         0   0.02833        27       640    0.7857    0.8179    0.8694    0.5124   0.08244    0.0234         0
   169/599     3.35G   0.02118  0.008884         0   0.03007        18       640    0.8238    0.8153    0.8801    0.5372   0.08181   0.02345         0
   170/599     3.35G    0.0199  0.008214         0   0.02811        11       640    0.8028    0.8462    0.8874    0.5506   0.08179   0.02371         0
   171/599     3.35G   0.02162  0.007705         0   0.02932        44       640    0.8402    0.8103    0.8829    0.5485   0.08113   0.02347         0
   172/599     3.35G   0.02097  0.008095         0   0.02907        33       640    0.8402    0.8224      0.89    0.5549   0.08098   0.02343         0
   173/599     3.35G   0.01979    0.0077         0   0.02749        11       640    0.8649    0.8231    0.9032    0.5647    0.0811   0.02382         0
   174/599     3.35G   0.01947  0.008163         0   0.02763         9       640    0.8081    0.8744    0.9087    0.5632   0.08083   0.02331         0
   175/599     3.35G   0.02068  0.008076         0   0.02876         7       640    0.8214    0.8372    0.8935    0.5561   0.08088    0.0233         0
   176/599     3.35G   0.01975   0.00791         0   0.02766         9       640    0.8343    0.8667    0.9097    0.5782   0.08076   0.02346         0
   177/599     3.35G   0.01847  0.007609         0   0.02608        33       640    0.8444    0.8538    0.9058    0.5715   0.08074   0.02396         0
   178/599     3.35G   0.01856  0.007499         0   0.02606        13       640    0.8255    0.8615    0.8941     0.568   0.08009   0.02348         0
   179/599     3.35G   0.01964  0.008062         0    0.0277        38       640    0.8284    0.8538    0.9035    0.5739   0.08017   0.02393         0
   180/599     3.35G   0.01765  0.007546         0   0.02519        20       640    0.8149     0.859    0.8986    0.5691   0.08028   0.02389         0
   181/599     3.35G   0.01984   0.00812         0   0.02796        20       640    0.8486    0.8487    0.9118    0.5841   0.08025   0.02359         0
   182/599     3.35G   0.01891  0.008203         0   0.02711        30       640    0.8148    0.7821    0.8578     0.537   0.08099   0.02395         0
   183/599     3.35G   0.01983  0.008126         0   0.02795        19       640    0.7595    0.7692    0.8292     0.511   0.08052   0.02586         0
   184/599     3.35G   0.01985  0.008603         0   0.02845        29       640    0.7818    0.8564    0.8742      0.54   0.08057   0.02424         0
   185/599     3.35G   0.02065  0.008105         0   0.02875        12       640    0.7927    0.8641    0.8815     0.544   0.08088   0.02343         0
   186/599     3.35G   0.02072  0.008762         0   0.02948        29       640    0.7897    0.8764    0.8963    0.5553   0.08124   0.02284         0
   187/599     3.35G   0.01903  0.008075         0    0.0271        22       640    0.8067    0.8564    0.8783    0.5408   0.08201    0.0237         0
   188/599     3.35G   0.02226  0.008537         0    0.0308        18       640    0.8005    0.8538    0.8742    0.5205   0.08197   0.02396         0
   189/599     3.35G   0.01917  0.008266         0   0.02744        32       640    0.8323    0.8538    0.8981    0.5575   0.08098   0.02356         0
   190/599     3.35G   0.01916  0.008336         0    0.0275        19       640    0.7869    0.8821    0.8932    0.5521    0.0804   0.02343         0
   191/599     3.35G    0.0204  0.007627         0   0.02803        16       640    0.8035    0.8615    0.8965    0.5548   0.08051   0.02357         0
   192/599     3.35G   0.01959   0.00786         0   0.02745        18       640    0.8285    0.8436    0.9061    0.5627   0.08087   0.02348         0
   193/599     3.35G   0.01896  0.007723         0   0.02669        29       640    0.7891    0.9077     0.912    0.5735   0.08086   0.02384         0
   194/599     3.35G   0.01779  0.007466         0   0.02525        12       640    0.8368    0.8026    0.8815     0.554   0.08121   0.02463         0
   195/599     3.35G   0.02061  0.008346         0   0.02895         4       640     0.835    0.8308    0.8855    0.5625    0.0804   0.02376         0
   196/599     3.35G   0.01923  0.007829         0   0.02706         7       640    0.7772    0.8946    0.8901    0.5661   0.08059   0.02405         0
   197/599     3.35G   0.01849  0.007942         0   0.02643        25       640    0.7909    0.8436    0.8708    0.5453   0.08072   0.02502         0
   198/599     3.35G   0.02047  0.007733         0   0.02821        14       640    0.8189    0.8359     0.878    0.5432   0.08089   0.02411         0
   199/599     3.35G    0.0182  0.008716         0   0.02691        17       640    0.8418    0.8333    0.8807     0.542   0.08137   0.02385         0
   200/599     3.35G   0.02167  0.007806         0   0.02947         9       640    0.8467    0.8231    0.8839    0.5518   0.08116   0.02415         0
   201/599     3.35G   0.01942  0.007664         0   0.02708        12       640    0.8071    0.8691    0.9056    0.5733   0.08108   0.02431         0
   202/599     3.35G   0.02042  0.008259         0   0.02868        15       640    0.7839    0.8769    0.8933    0.5729   0.08045     0.024         0
   203/599     3.35G   0.01813  0.007618         0   0.02575        15       640    0.8128     0.859    0.9006     0.571   0.08051   0.02409         0
   204/599     3.35G   0.01787  0.007964         0   0.02583        15       640    0.8221    0.8538    0.8992    0.5704   0.08057   0.02364         0
   205/599     3.35G   0.02112  0.007508         0   0.02863        18       640    0.7988    0.8769    0.8998    0.5746   0.08073   0.02397         0
   206/599     3.35G   0.01796  0.008001         0   0.02596        19       640     0.794    0.8896    0.8928    0.5767   0.08071   0.02383         0
   207/599     3.35G   0.02067  0.007428         0    0.0281        21       640    0.7994    0.8692    0.8991    0.5831   0.08095   0.02374         0
   208/599     3.35G   0.01972  0.007611         0   0.02733        20       640    0.7617    0.9026    0.8898    0.5762    0.0811   0.02337         0
   209/599     3.35G   0.01759  0.007868         0   0.02546        14       640    0.7967    0.8742    0.9036    0.5798   0.08096   0.02308         0
   210/599     3.35G   0.01841  0.007988         0   0.02639        17       640    0.8144    0.8664    0.9068    0.5885    0.0806   0.02316         0
   211/599     3.35G   0.01885  0.007767         0   0.02662        14       640    0.8353    0.8333    0.9028    0.5874   0.08061   0.02369         0
   212/599     3.35G   0.01866  0.007494         0   0.02616         6       640    0.8138    0.8641    0.9069    0.5857   0.08077   0.02326         0
   213/599     3.35G   0.01885  0.007587         0   0.02644        15       640    0.8553    0.8205    0.9074    0.5883   0.08055   0.02341         0
   214/599     3.35G   0.01725  0.007465         0   0.02472        15       640    0.8327    0.8436    0.9028    0.5891   0.08049   0.02344         0
   215/599     3.35G   0.01742  0.007212         0   0.02463         9       640    0.7986    0.8946    0.9053    0.5915   0.08088   0.02332         0
   216/599     3.35G   0.01915  0.007708         0   0.02686        12       640    0.7987    0.8897    0.9082    0.5858    0.0809   0.02279         0
   217/599     3.35G   0.01888  0.006959         0   0.02584        14       640    0.8146    0.8795    0.9108     0.595    0.0808   0.02282         0
   218/599     3.35G   0.01661   0.00773         0   0.02434        17       640     0.817    0.8821    0.9163    0.5971   0.08074   0.02313         0
   219/599     3.35G   0.01628  0.007279         0   0.02355        22       640    0.7954    0.8872    0.9119    0.5869   0.08068    0.0234         0
   220/599     3.35G   0.02035  0.007395         0   0.02775        26       640    0.7958    0.8893    0.9156     0.594   0.08046   0.02312         0
   221/599     3.35G   0.01691  0.007649         0   0.02456        37       640    0.7856    0.9026    0.9147    0.5945   0.08056   0.02355         0
   222/599     3.35G   0.01732  0.007046         0   0.02437        19       640       0.8    0.9024     0.919    0.5906   0.08081   0.02374         0
   223/599     3.35G   0.01642  0.007366         0   0.02378        14       640    0.8248     0.869    0.9139     0.595   0.08051   0.02332         0
   224/599     3.35G    0.0187   0.00693         0   0.02563        11       640    0.8207    0.8921    0.9164    0.5881   0.08048   0.02344         0
   225/599     3.35G     0.017  0.007277         0   0.02428        24       640    0.8374    0.8717    0.9205    0.5897   0.08022    0.0235         0
   226/599     3.35G    0.0181  0.006716         0   0.02482        19       640    0.8271    0.8718    0.9108    0.5878   0.07997   0.02382         0
   227/599     3.35G   0.01899  0.006648         0   0.02564        18       640    0.8088    0.8896     0.917    0.5891   0.08045   0.02382         0
   228/599     3.35G   0.01716  0.007625         0   0.02479         9       640    0.8155    0.8641    0.9107    0.5868   0.08048   0.02366         0
   229/599     3.35G   0.01862  0.007531         0   0.02616        24       640    0.8408    0.8666    0.9148    0.5957    0.0803   0.02355         0
   230/599     3.35G   0.01741    0.0074         0   0.02481        15       640    0.8242    0.8893     0.922    0.6027   0.08011    0.0232         0
   231/599     3.35G   0.01911  0.006953         0   0.02606        26       640    0.8349    0.8818    0.9227    0.6036   0.08029   0.02354         0
   232/599     3.35G   0.01745  0.007269         0   0.02472        37       640    0.8436    0.8744    0.9186    0.5961   0.08016    0.0237         0
   233/599     3.35G   0.01874  0.006946         0   0.02569        27       640    0.8279    0.8769    0.9225    0.6008   0.08017   0.02388         0
   234/599     3.35G   0.01641  0.007851         0   0.02426        13       640    0.8153    0.8943    0.9211    0.5977   0.08001   0.02367         0
   235/599     3.35G   0.01859  0.007219         0   0.02581        10       640    0.8268    0.8692    0.9046    0.5798   0.08013   0.02419         0
   236/599     3.35G   0.01851  0.007074         0   0.02558        30       640    0.8083    0.8973    0.9155     0.593   0.07993   0.02388         0
   237/599     3.35G   0.01769  0.007568         0   0.02526        37       640    0.8341    0.8769     0.909     0.585   0.07987    0.0235         0
   238/599     3.35G   0.01712   0.00752         0   0.02464         7       640    0.8281    0.8667    0.9067    0.5915   0.08006   0.02351         0
   239/599     3.35G   0.02075  0.007115         0   0.02786        13       640    0.8088    0.8897     0.915    0.6034   0.08003   0.02344         0
   240/599     3.35G   0.01829  0.007056         0   0.02535        31       640    0.8541    0.8436    0.9168     0.587    0.0802   0.02322         0
   241/599     3.35G   0.01723  0.007503         0   0.02473        33       640    0.8433    0.8691    0.9162    0.5914   0.08018   0.02352         0
   242/599     3.35G   0.01749  0.007145         0   0.02464        14       640    0.8411    0.8692    0.9168    0.5951   0.08005   0.02342         0
   243/599     3.35G   0.01749  0.007224         0   0.02471        12       640    0.8668    0.8538     0.915    0.5947   0.07992   0.02349         0
   244/599     3.35G   0.01745  0.007064         0   0.02452        33       640    0.8481    0.8588    0.9187    0.5974    0.0798   0.02375         0
   245/599     3.35G   0.01662  0.007372         0   0.02399        21       640    0.8364    0.8974    0.9307    0.6113   0.07938   0.02419         0
   246/599     3.35G   0.01934  0.007294         0   0.02663        18       640    0.8386    0.8792    0.9216    0.6039   0.07908   0.02409         0
   247/599     3.35G   0.01703  0.007207         0   0.02424        12       640    0.8327    0.8821    0.9207    0.5964   0.07904   0.02421         0
   248/599     3.35G   0.01896  0.007001         0   0.02596        15       640    0.8272    0.8589    0.9123    0.5918   0.07889   0.02455         0
   249/599     3.35G     0.016  0.006978         0   0.02297        13       640    0.8476    0.8559    0.9202    0.6043   0.07865   0.02488         0
   250/599     3.35G   0.01825  0.006983         0   0.02523        15       640    0.8073    0.8821    0.9163       0.6   0.07831   0.02479         0
   251/599     3.35G   0.01714  0.007141         0   0.02429        21       640     0.826    0.8641    0.9212    0.6095    0.0781   0.02435         0
   252/599     3.35G   0.01683  0.006587         0   0.02341        25       640    0.8097    0.8948    0.9247    0.5996   0.07855   0.02464         0
   253/599     3.35G   0.01714   0.00698         0   0.02412        15       640    0.8351    0.8718      0.92    0.5996   0.07858   0.02466         0
   254/599     3.35G   0.01643  0.006786         0   0.02321        18       640    0.8321    0.8897    0.9227      0.61   0.07758   0.02499         0
   255/599     3.35G   0.01941  0.006793         0    0.0262        20       640    0.8361    0.8894    0.9214    0.5998   0.07732   0.02525         0
   256/599     3.35G   0.01789  0.007378         0   0.02527         8       640    0.8054    0.9026    0.9176    0.6072   0.07733   0.02527         0
   257/599     3.35G   0.01735  0.007281         0   0.02463        23       640    0.8035    0.9227    0.9193    0.6015   0.07773   0.02524         0
   258/599     3.35G   0.01785  0.007403         0   0.02525        25       640    0.8415     0.859    0.9121    0.5888   0.07794   0.02529         0
   259/599     3.35G   0.01733  0.006955         0   0.02429        12       640    0.8082    0.8872    0.9186    0.5938   0.07798   0.02485         0
   260/599     3.35G    0.0165  0.007043         0   0.02354        22       640    0.8329    0.8692    0.9169    0.5907   0.07779   0.02475         0
   261/599     3.35G   0.01825  0.007207         0   0.02546        27       640    0.8313    0.8615    0.9194    0.5976   0.07771   0.02529         0
   262/599     3.35G   0.01753  0.006959         0   0.02449        14       640    0.8312    0.8713    0.9223    0.5964   0.07788   0.02537         0
   263/599     3.35G   0.01773  0.007495         0   0.02522        15       640    0.8118    0.8744    0.9143    0.5959   0.07819   0.02527         0
   264/599     3.35G   0.01667  0.007444         0   0.02411        21       640    0.8163    0.8692    0.9179    0.6009   0.07819   0.02533         0
   265/599     3.35G   0.01599     0.007         0   0.02299        17       640    0.8216    0.8513    0.9182    0.5997   0.07831   0.02553         0
   266/599     3.35G   0.02112  0.007264         0   0.02838        20       640      0.85    0.8282    0.9056    0.5869   0.07833   0.02555         0
   267/599     3.35G   0.01703  0.007296         0   0.02433        18       640    0.8177    0.8513    0.8968    0.5856   0.07799   0.02527         0
   268/599     3.35G   0.01849  0.007693         0   0.02618        27       640    0.7995    0.8589    0.8763    0.5512   0.07994    0.0253         0
   269/599     3.35G   0.01934  0.008792         0   0.02813        15       640    0.7943    0.8614    0.8452    0.5065   0.08038   0.02553         0
   270/599     3.35G    0.0187   0.00815         0   0.02685        17       640     0.814    0.8638    0.8531    0.5262   0.08079    0.0244         0
   271/599     3.35G   0.01718  0.008046         0   0.02523        15       640    0.8028    0.8558    0.8833    0.5585   0.08111   0.02453         0
   272/599     3.35G   0.02025  0.008026         0   0.02828        13       640    0.8106     0.856    0.8943    0.5722   0.08121   0.02434         0
   273/599     3.35G   0.01696  0.008151         0   0.02511        17       640    0.8487    0.8484     0.907    0.5875   0.08087   0.02382         0
   274/599     3.35G   0.01732  0.007335         0   0.02466        28       640    0.8716    0.8359    0.9126    0.5862   0.08056   0.02374         0
   275/599     3.35G   0.01586  0.007606         0   0.02346        21       640    0.8537    0.8538    0.9013    0.5798   0.08017   0.02399         0
   276/599     3.35G    0.0177  0.007564         0   0.02526        13       640    0.8366    0.8666    0.9042    0.5771   0.08017   0.02459         0
   277/599     3.35G   0.01698  0.007151         0   0.02413        21       640    0.8263    0.8667     0.908    0.5828   0.08001   0.02489         0
   278/599     3.35G   0.01805  0.007513         0   0.02556        16       640    0.8391    0.8487    0.9075    0.5851   0.07974    0.0248         0
   279/599     3.35G    0.0174  0.007188         0   0.02458        33       640    0.8136    0.8846    0.9101    0.5913    0.0794     0.025         0
   280/599     3.35G   0.01774  0.007976         0   0.02572        18       640    0.8601    0.8358    0.9059    0.5898   0.07875   0.02488         0
   281/599     3.35G    0.0176  0.007565         0   0.02517        22       640    0.8527     0.846    0.9172    0.6006   0.07833   0.02506         0
   282/599     3.35G   0.01828  0.007166         0   0.02545        19       640    0.8341    0.8635    0.9149    0.5969   0.07832   0.02488         0
   283/599     3.35G    0.0186  0.007633         0   0.02623        20       640    0.8398     0.874    0.9217    0.6006   0.07857   0.02467         0
   284/599     3.35G   0.02167   0.00704         0   0.02871        22       640    0.8188    0.9154    0.9214     0.598   0.07856    0.0247         0
   285/599     3.35G   0.01947  0.007304         0   0.02677        19       640    0.8446    0.8637      0.92     0.591   0.07844   0.02481         0
   286/599     3.35G   0.01808  0.007623         0   0.02571        12       640     0.832    0.8769    0.9156    0.5896   0.07842   0.02492         0
   287/599     3.35G    0.0174   0.00734         0   0.02474        12       640    0.8255    0.8744    0.9015    0.5725   0.07874   0.02529         0
   288/599     3.35G     0.019  0.007288         0   0.02629        21       640    0.8078     0.905    0.9022    0.5701   0.07827   0.02482         0
   289/599     3.35G   0.01897  0.007466         0   0.02643        25       640    0.8742     0.841    0.9121    0.5877   0.07802   0.02502         0
   290/599     3.35G   0.01616  0.007306         0   0.02347        17       640    0.8035    0.9018    0.9089    0.5882   0.07844   0.02496         0
   291/599     3.35G    0.0204  0.007264         0   0.02767        23       640    0.8405    0.8385    0.8972    0.5785   0.07869   0.02482         0
   292/599     3.35G   0.01762  0.007195         0   0.02482        21       640    0.8437    0.8308    0.8919     0.578   0.07862   0.02496         0
   293/599     3.35G   0.01733  0.007383         0   0.02472        12       640    0.8383    0.8564    0.9068    0.5841   0.07879   0.02535         0
   294/599     3.35G   0.01725  0.007908         0   0.02516        20       640    0.8364    0.8256     0.903    0.5812   0.07842   0.02563         0
   295/599     3.35G   0.02011  0.007406         0   0.02752        20       640     0.837    0.8436    0.9089     0.582   0.07825   0.02545         0
   296/599     3.35G   0.01986  0.007333         0   0.02719        26       640    0.8831    0.8154     0.918    0.5891   0.07804   0.02534         0
   297/599     3.35G   0.01825  0.007712         0   0.02596         9       640    0.8457    0.8434    0.9143    0.5859   0.07787   0.02547         0
   298/599     3.35G   0.01658  0.007372         0   0.02395        14       640    0.8802    0.7923    0.9008    0.5725   0.07798   0.02514         0
   299/599     3.35G   0.01902  0.007908         0   0.02693        19       640    0.8423    0.8385    0.9096    0.5835   0.07777   0.02444         0
   300/599     3.35G   0.01886  0.007449         0   0.02631        30       640    0.8279    0.8641    0.9076     0.587   0.07769   0.02477         0
   301/599     3.35G   0.01693  0.007319         0   0.02425        26       640    0.8793    0.8051    0.9029    0.5878   0.07757   0.02533         0
   302/599     3.35G   0.01821  0.007255         0   0.02546        12       640     0.808    0.8739    0.9038    0.5782   0.07781   0.02538         0
   303/599     3.35G   0.01788  0.007787         0   0.02566        26       640    0.8607    0.8077    0.9057    0.5753   0.07854   0.02546         0
   304/599     3.35G   0.01919  0.007683         0   0.02687        26       640    0.8362    0.8639    0.9176    0.5921    0.0784    0.0248         0
   305/599     3.35G   0.01723  0.007024         0   0.02426        21       640    0.8374    0.8717    0.9169    0.5954   0.07818   0.02507         0
   306/599     3.35G   0.01996  0.007062         0   0.02702        19       640    0.8386    0.8692    0.9185    0.5935    0.0783   0.02532         0
   307/599     3.35G   0.01723  0.006809         0   0.02404        15       640    0.8307    0.8692    0.9138    0.5865    0.0782   0.02559         0
   308/599     3.35G   0.01908  0.007751         0   0.02683        17       640    0.8362    0.8513    0.9074    0.5843   0.07807   0.02557         0
   309/599     3.35G   0.01753  0.007028         0   0.02456         9       640    0.8286    0.8678    0.9163    0.5929   0.07796    0.0255         0
   310/599     3.35G   0.01969  0.007261         0   0.02696        10       640    0.8138    0.8872    0.9194    0.5868   0.07835   0.02516         0
   311/599     3.35G    0.0169  0.007355         0   0.02425        11       640    0.8212    0.8718     0.917    0.5933   0.07935   0.02447         0
   312/599     3.35G   0.01887   0.00695         0   0.02582        24       640    0.8083    0.8872    0.9105    0.5898    0.0798   0.02435         0
   313/599     3.35G   0.01757  0.006971         0   0.02455        11       640    0.8304    0.8667    0.9053    0.5843   0.07995   0.02433         0
   314/599     3.35G   0.01598  0.007572         0   0.02356        21       640    0.8204    0.8666     0.909    0.5853   0.08008   0.02468         0
   315/599     3.35G   0.01691  0.006762         0   0.02367         8       640    0.8422    0.8487    0.9128     0.589    0.0793   0.02493         0
   316/599     3.35G   0.01798  0.007529         0   0.02551         7       640    0.8438    0.8589    0.9076    0.5857   0.07877   0.02469         0
   317/599     3.35G   0.01493  0.007232         0   0.02216        16       640    0.8333    0.8714    0.9091    0.5882   0.07845   0.02487         0
   318/599     3.35G   0.01539  0.007491         0   0.02288        31       640    0.8411    0.8564    0.9108    0.5861   0.07827    0.0253         0
   319/599     3.35G   0.01782  0.007515         0   0.02534        12       640    0.7985    0.8359    0.8781    0.5596   0.07861   0.02737         0
   320/599     3.35G   0.01933  0.009383         0   0.02872         9       640    0.7798    0.8174    0.8416    0.5062   0.07933   0.02743         0
   321/599     3.35G   0.01713   0.00803         0   0.02516        16       640    0.7873    0.8564    0.8821     0.551   0.07909    0.0255         0
   322/599     3.35G   0.01827  0.008043         0   0.02632        10       640    0.8056    0.8817    0.9058     0.565   0.07919   0.02413         0
   323/599     3.35G   0.02073  0.007727         0   0.02846        21       640    0.8123    0.8564    0.9026    0.5795   0.07886   0.02404         0
   324/599     3.35G   0.01768  0.007703         0   0.02538        19       640    0.8103    0.8692    0.9063    0.5785   0.07868   0.02464         0
   325/599     3.35G   0.01987  0.007407         0   0.02728        27       640    0.7948    0.8742    0.8996    0.5761   0.07919   0.02527         0
   326/599     3.35G   0.01613  0.007986         0   0.02412        28       640     0.831    0.8513    0.9133    0.5934   0.07901   0.02474         0
   327/599     3.35G   0.01716  0.007398         0   0.02455        27       640    0.8322    0.8795    0.9189    0.5916   0.07894   0.02484         0
   328/599     3.35G   0.01775  0.007688         0   0.02543        10       640     0.819     0.882    0.9107    0.5815    0.0788   0.02482         0
   329/599     3.35G   0.01808  0.007597         0   0.02568        15       640    0.8321    0.8767    0.9081    0.5851   0.07874   0.02449         0
   330/599     3.35G   0.01655  0.007209         0   0.02376        17       640    0.8183    0.8895    0.9181     0.594   0.07879   0.02463         0
   331/599     3.35G   0.02017  0.007291         0   0.02746        25       640    0.8014    0.8999    0.9132     0.592    0.0786   0.02454         0
   332/599     3.35G   0.01901  0.007081         0   0.02609        14       640    0.8484    0.8513    0.9171    0.5966    0.0783   0.02463         0
   333/599     3.35G   0.01644  0.006935         0   0.02337         9       640    0.8674    0.8385     0.918    0.5948   0.07809   0.02466         0
   334/599     3.35G   0.01583  0.007795         0   0.02362        22       640    0.8139    0.8974    0.9201    0.6007   0.07808   0.02489         0
   335/599     3.35G   0.01588  0.007299         0   0.02318        14       640    0.8454    0.8564     0.915    0.5911   0.07825   0.02525         0
   336/599     3.35G   0.01942   0.00721         0   0.02663        17       640    0.9026    0.8077    0.9202     0.599   0.07819   0.02494         0
   337/599     3.35G   0.01844  0.007526         0   0.02596        11       640    0.8512    0.8513    0.9194    0.5994   0.07805   0.02447         0
   338/599     3.35G   0.01812  0.007114         0   0.02524        23       640     0.853    0.8487     0.914     0.595   0.07809   0.02464         0
   339/599     3.35G   0.01771  0.007174         0   0.02488        23       640    0.8293    0.8717    0.9122    0.5919   0.07813   0.02443         0
   340/599     3.35G   0.01805  0.007032         0   0.02508        19       640      0.81    0.8974    0.9162    0.5991   0.07804   0.02426         0
   341/599     3.35G   0.01898  0.006981         0   0.02596        13       640    0.8463    0.8615    0.9082    0.5899   0.07776   0.02445         0
   342/599     3.35G   0.01831  0.007199         0   0.02551        18       640    0.8506    0.8615    0.9074    0.5904   0.07757   0.02496         0
   343/599     3.35G   0.01908  0.007281         0   0.02636        19       640     0.856    0.8534    0.9191    0.6002   0.07733   0.02514         0
   344/599     3.35G   0.01973  0.006709         0   0.02644        16       640    0.8908    0.8179     0.924    0.6061   0.07716   0.02493         0
   345/599     3.35G    0.0187  0.007438         0   0.02613        18       640    0.8559    0.8538     0.923    0.6028   0.07713   0.02476         0
   346/599     3.35G   0.01815  0.007274         0   0.02542        30       640     0.844    0.8744    0.9243    0.6044   0.07728   0.02497         0
   347/599     3.35G   0.01773  0.006863         0   0.02459        12       640    0.8515    0.8692    0.9232    0.6048   0.07753   0.02516         0
   348/599     3.35G   0.01737  0.007403         0   0.02477        22       640    0.8485    0.8614    0.9221    0.6022   0.07775   0.02527         0
   349/599     3.35G   0.01626  0.007036         0   0.02329        26       640      0.88    0.8282    0.9189    0.5948   0.07776   0.02497         0
   350/599     3.35G    0.0183   0.00728         0   0.02558        19       640    0.8621    0.8657    0.9143    0.5949   0.07776   0.02499         0
   351/599     3.35G    0.0192  0.007319         0   0.02652        20       640    0.8705    0.8462    0.9122    0.5955    0.0776    0.0248         0
   352/599     3.35G   0.01948  0.006957         0   0.02643        20       640    0.8431    0.8692    0.9204    0.6025   0.07737   0.02482         0
   353/599     3.35G   0.01629  0.007958         0   0.02425        22       640    0.8635    0.8436    0.9145    0.5962   0.07741   0.02503         0
   354/599     3.35G   0.01823  0.006775         0   0.02501        29       640    0.8579    0.8513    0.9178    0.6001   0.07731   0.02506         0
   355/599     3.35G   0.01927  0.007175         0   0.02645        17       640    0.8762    0.8179    0.9157    0.6008   0.07728   0.02501         0
   356/599     3.35G   0.01662   0.00762         0   0.02424        25       640    0.8321    0.8767    0.9007    0.5752   0.07749   0.02516         0
   357/599     3.35G   0.01805  0.007642         0    0.0257        15       640     0.824    0.8769    0.9043    0.5707   0.07802    0.0246         0
   358/599     3.35G   0.01759  0.006583         0   0.02417        15       640    0.8596    0.8637    0.9241    0.5926   0.07809   0.02448         0
   359/599     3.35G   0.01849  0.007128         0   0.02562        22       640    0.8493    0.8821    0.9178    0.5849   0.07825   0.02438         0
   360/599     3.35G   0.01848  0.006989         0   0.02547         7       640    0.8333    0.8841    0.9173    0.5957     0.078   0.02431         0
   361/599     3.35G   0.01559  0.007128         0   0.02271        12       640    0.8444    0.8769    0.9227     0.598   0.07771   0.02443         0
   362/599     3.35G   0.01504  0.007084         0   0.02213        12       640    0.8354    0.8846    0.9229    0.5989   0.07728   0.02452         0
   363/599     3.35G   0.01707  0.006668         0   0.02373        17       640    0.8189    0.9051    0.9202    0.5964   0.07724   0.02488         0
   364/599     3.35G   0.01628  0.006763         0   0.02305        15       640    0.8219    0.8995      0.92    0.5933   0.07772   0.02511         0
   365/599     3.35G   0.01694  0.007585         0   0.02452        21       640    0.8466    0.8667    0.9167    0.5894   0.07755     0.025         0
   366/599     3.35G   0.01856  0.007059         0   0.02562        23       640    0.8376       0.9    0.9235    0.5909   0.07771   0.02488         0
   367/599     3.35G   0.01676  0.007203         0   0.02397        23       640    0.8416    0.9127    0.9246    0.5961    0.0778   0.02457         0
   368/599     3.35G   0.01881  0.007374         0   0.02619        31       640    0.8331    0.8718    0.9143    0.5907   0.07801   0.02493         0
   369/599     3.35G   0.01777  0.007323         0   0.02509        25       640    0.7925    0.8923    0.8999    0.5715   0.07792   0.02493         0
   370/599     3.35G   0.01848  0.007282         0   0.02577        20       640     0.805    0.8795    0.9054    0.5733   0.07789   0.02519         0
   371/599     3.35G   0.01751  0.007141         0   0.02465        10       640     0.787    0.9103     0.907    0.5778    0.0778   0.02519         0
   372/599     3.35G   0.01598   0.00731         0   0.02329        14       640     0.807    0.8795    0.9097    0.5869    0.0777   0.02516         0
   373/599     3.35G   0.01702  0.007356         0   0.02438        14       640    0.7989    0.9077    0.9171    0.5911   0.07786   0.02481         0
   374/599     3.35G   0.01965  0.007707         0   0.02735        30       640    0.8325    0.8923    0.9207    0.5982   0.07789   0.02474         0
   375/599     3.35G   0.01585   0.00742         0   0.02327        32       640    0.8275    0.9099    0.9178    0.5928   0.07777   0.02495         0
   376/599     3.35G   0.01686  0.007094         0   0.02396        29       640    0.8117    0.8846    0.9117    0.5927   0.07818   0.02571         0
   377/599     3.35G   0.01961  0.007438         0   0.02705        19       640    0.8037    0.8949    0.9127    0.5946   0.07723   0.02559         0
   378/599     3.35G    0.0149  0.007173         0   0.02207        23       640    0.8484    0.8487    0.9113    0.5835    0.0774   0.02564         0
   379/599     3.35G   0.01968  0.007794         0   0.02747         2       640    0.8274    0.8358    0.8912     0.572   0.07762   0.02583         0
   380/599     3.35G   0.01855  0.008024         0   0.02658        27       640    0.8298    0.8127    0.8747    0.5542   0.07778   0.02599         0
   381/599     3.35G   0.01727  0.007558         0   0.02483        24       640    0.8407    0.8128    0.8855    0.5633   0.07763   0.02543         0
   382/599     3.35G   0.01655  0.007342         0   0.02389        14       640     0.833    0.8462    0.8948    0.5742   0.07744   0.02548         0
   383/599     3.35G   0.01869  0.006924         0   0.02561        22       640      0.81    0.8872    0.9053    0.5815   0.07725   0.02567         0
   384/599     3.35G   0.01629  0.007881         0   0.02417        15       640    0.7973    0.9077    0.9132    0.5858   0.07704   0.02569         0
   385/599     3.35G   0.01706  0.007065         0   0.02412        15       640    0.8334    0.8744    0.9161    0.5877   0.07715   0.02591         0
   386/599     3.35G   0.01974  0.007097         0   0.02684        16       640    0.8393    0.8718    0.9119    0.5861   0.07714   0.02571         0
   387/599     3.35G    0.0161  0.006988         0   0.02309        20       640    0.8278    0.8769    0.9144    0.5927   0.07715   0.02548         0
   388/599     3.35G   0.01893  0.007547         0   0.02648        35       640    0.8496    0.8564    0.9057    0.5723   0.07722   0.02558         0
   389/599     3.35G   0.01722  0.007395         0   0.02462        16       640    0.8436     0.859    0.9097    0.5766   0.07741   0.02551         0
   390/599     3.35G   0.01846  0.006771         0   0.02523        11       640    0.8575    0.8641    0.9191     0.596   0.07718   0.02505         0
   391/599     3.35G    0.0188  0.006925         0   0.02573        24       640    0.8397    0.8744     0.912     0.592   0.07739   0.02489         0
   392/599     3.35G   0.01599  0.006913         0    0.0229        24       640    0.8074    0.8922    0.9147     0.595   0.07746   0.02498         0
   393/599     3.35G   0.01631  0.006929         0   0.02324        22       640    0.8217    0.8872    0.9212    0.5931   0.07741   0.02492         0
   394/599     3.35G     0.018  0.007056         0   0.02506        22       640    0.8223    0.8795    0.9216    0.5949   0.07739   0.02478         0
   395/599     3.35G   0.01741  0.007317         0   0.02473        16       640     0.824    0.8763    0.9216    0.5931   0.07724   0.02452         0
   396/599     3.35G   0.01729  0.007217         0   0.02451        15       640    0.8928    0.8179    0.9232    0.5946   0.07711    0.0247         0
   397/599     3.35G   0.01733  0.006595         0   0.02392        18       640    0.9023    0.8077    0.9213    0.5963   0.07697   0.02475         0
   398/599     3.35G   0.01702  0.007177         0    0.0242        12       640    0.8797    0.8256    0.9179    0.5863   0.07718   0.02484         0
   399/599     3.35G   0.01791  0.006769         0   0.02468        13       640    0.8631     0.841    0.9181    0.5923   0.07704   0.02485         0
   400/599     3.35G   0.01588  0.007167         0   0.02305        22       640    0.8257     0.887     0.922    0.6018   0.07681   0.02464         0
   401/599     3.35G   0.01747  0.006965         0   0.02444        18       640    0.8453    0.8564    0.9141    0.5963   0.07667   0.02459         0
   402/599     3.35G   0.01788   0.00681         0   0.02469        24       640    0.8324    0.8667     0.918    0.5942   0.07674   0.02468         0
   403/599     3.35G   0.01593  0.007286         0   0.02321        18       640    0.8168    0.8917    0.9251    0.6035   0.07658   0.02453         0
   404/599     3.35G   0.01765   0.00661         0   0.02426        16       640    0.8139    0.8971    0.9245    0.6008   0.07663   0.02459         0
   405/599     3.35G    0.0163  0.007212         0   0.02351         9       640    0.8317     0.874    0.9178    0.5958   0.07671   0.02461         0
   406/599     3.35G   0.01835  0.007006         0   0.02535        11       640     0.829    0.8718      0.92    0.6012   0.07654   0.02466         0
   407/599     3.35G   0.01575  0.006818         0   0.02257        19       640    0.8589    0.8432    0.9231    0.6025    0.0765    0.0248         0
   408/599     3.35G   0.01641  0.006558         0   0.02297        19       640    0.8285    0.8795    0.9175    0.5972   0.07636   0.02476         0
   409/599     3.35G   0.01554  0.007062         0    0.0226         9       640    0.8516    0.8538    0.9167    0.5926   0.07656   0.02502         0
   410/599     3.35G   0.01735  0.006488         0   0.02384        20       640    0.8726    0.8429    0.9192    0.5916   0.07672    0.0252         0
   411/599     3.35G    0.0183  0.007148         0   0.02545        29       640    0.8756    0.8485     0.926    0.5998   0.07663   0.02513         0
   412/599     3.35G   0.01601  0.006585         0    0.0226        18       640    0.8861    0.8385    0.9248    0.5984   0.07649   0.02518         0
   413/599     3.35G   0.01684  0.007174         0   0.02402        28       640    0.8607    0.8564    0.9206    0.5969   0.07657   0.02507         0
   414/599     3.35G    0.0152  0.006554         0   0.02175        23       640    0.8759    0.8513    0.9282    0.6004   0.07653   0.02501         0
   415/599     3.35G   0.01587  0.006907         0   0.02277         8       640    0.8127    0.9154    0.9294    0.6058   0.07635   0.02485         0
   416/599     3.35G   0.01684  0.006498         0   0.02334        23       640    0.8498    0.8564    0.9221    0.6001   0.07637   0.02493         0
   417/599     3.35G   0.01646  0.006919         0   0.02337        21       640    0.8348    0.8821    0.9239    0.6003   0.07641   0.02485         0
   418/599     3.35G   0.01679   0.00719         0   0.02398        28       640    0.8259    0.8998    0.9218    0.5963   0.07647   0.02492         0
   419/599     3.35G   0.01858  0.006865         0   0.02545        13       640    0.8378    0.8738    0.9168    0.5992   0.07637   0.02505         0
   420/599     3.35G   0.01741  0.007002         0   0.02441        32       640    0.8099    0.9077    0.9164     0.599   0.07633   0.02507         0
   421/599     3.35G   0.01518  0.006718         0    0.0219        28       640    0.8648    0.8564     0.918    0.5954   0.07655   0.02505         0
   422/599     3.35G   0.01622  0.006623         0   0.02285        22       640    0.8451    0.8816    0.9199     0.597   0.07736   0.02477         0
   423/599     3.35G   0.01618  0.006836         0   0.02301        28       640    0.8542    0.8716    0.9194    0.5936   0.07779   0.02482         0
   424/599     3.35G   0.01674  0.006497         0   0.02324        27       640    0.8494     0.882    0.9243    0.5991   0.07778   0.02483         0
   425/599     3.35G   0.01931  0.006908         0   0.02622        23       640    0.8701    0.8589    0.9194    0.5973   0.07771   0.02472         0
   426/599     3.35G   0.01683  0.006468         0    0.0233        21       640    0.8726    0.8436    0.9181    0.6016   0.07722   0.02492         0
   427/599     3.35G   0.01728  0.006872         0   0.02415        20       640     0.861     0.859    0.9205    0.6043   0.07694   0.02523         0
   428/599     3.35G   0.01794  0.006974         0   0.02492        33       640     0.876    0.8513     0.926    0.6074    0.0767   0.02547         0
   429/599     3.35G   0.01469   0.00641         0    0.0211        12       640    0.8592    0.8615    0.9251    0.6017   0.07651   0.02573         0
   430/599     3.35G   0.01692  0.006937         0   0.02386        33       640    0.8361    0.8769     0.921    0.6013   0.07638   0.02568         0
   431/599     3.35G   0.01678  0.007018         0    0.0238        15       640    0.8557    0.8665    0.9218    0.6017   0.07626   0.02533         0
   432/599     3.35G   0.01663   0.00703         0   0.02366        20       640    0.8608    0.8563    0.9262    0.6062   0.07589   0.02529         0
   433/599     3.35G   0.01545   0.00706         0   0.02251        12       640     0.828    0.8897    0.9249    0.6025   0.07599   0.02545         0
   434/599     3.35G   0.01903  0.007164         0   0.02619        21       640    0.8357    0.8872    0.9269    0.6048   0.07604   0.02551         0
   435/599     3.35G   0.01652  0.006518         0   0.02304        10       640     0.826    0.8897    0.9248    0.6011   0.07611   0.02564         0
   436/599     3.35G   0.01576  0.006987         0   0.02275        12       640    0.8787    0.8359    0.9219    0.5987   0.07614   0.02563         0
   437/599     3.35G   0.01685  0.006385         0   0.02324        19       640     0.823    0.8943    0.9245    0.6017   0.07603    0.0254         0
   438/599     3.35G   0.01757  0.006677         0   0.02425        24       640    0.8205    0.9023    0.9263    0.6042   0.07604   0.02539         0
   439/599     3.35G   0.01752  0.006555         0   0.02408        22       640    0.8757    0.8333    0.9243    0.6003   0.07591   0.02548         0
   440/599     3.35G   0.01471  0.006924         0   0.02163        19       640    0.8096    0.9051    0.9254    0.6054   0.07565   0.02534         0
   441/599     3.35G   0.01517   0.00709         0   0.02226        38       640    0.8077    0.9077    0.9276    0.6063   0.07551   0.02527         0
   442/599     3.35G   0.01705  0.006923         0   0.02397        22       640    0.8578    0.8355    0.9235    0.6003   0.07554   0.02532         0
   443/599     3.35G   0.01637   0.00675         0   0.02312        26       640    0.8545    0.8435    0.9226    0.6043   0.07569   0.02532         0
   444/599     3.35G   0.01582  0.006867         0   0.02268        16       640    0.8818    0.8229     0.923    0.6031   0.07567   0.02533         0
   445/599     3.35G   0.01831  0.006679         0   0.02499        20       640    0.7989    0.9068     0.921     0.598    0.0756   0.02561         0
   446/599     3.35G   0.01539  0.006518         0   0.02191        17       640    0.8812    0.8178     0.917    0.5973   0.07547   0.02575         0
   447/599     3.35G   0.01686  0.006649         0   0.02351        32       640    0.8562     0.841    0.9216    0.6023   0.07523   0.02587         0
   448/599     3.35G   0.01664   0.00672         0   0.02336        14       640    0.8012    0.9199    0.9287     0.606   0.07506   0.02568         0
   449/599     3.35G   0.01536  0.007096         0   0.02246        13       640    0.8289    0.8945    0.9263    0.6036   0.07498   0.02563         0
   450/599     3.35G   0.01668  0.006371         0   0.02305        11       640    0.8466    0.8641     0.923    0.6008   0.07501    0.0258         0
   451/599     3.35G   0.01686  0.006474         0   0.02333        16       640    0.8466    0.8667    0.9253    0.6022    0.0751   0.02601         0
   452/599     3.35G   0.01466   0.00656         0   0.02122        27       640    0.8321    0.8768    0.9253    0.6044   0.07514   0.02588         0
   453/599     3.35G   0.01796  0.006542         0   0.02451        17       640    0.8276    0.8744    0.9216     0.602   0.07522   0.02592         0
   454/599     3.35G   0.01741  0.006725         0   0.02413        19       640    0.8301    0.8768     0.924    0.6022   0.07519   0.02613         0
   455/599     3.35G   0.01642  0.006688         0   0.02311        15       640    0.8717    0.8385    0.9255    0.6058    0.0749   0.02614         0
   456/599     3.35G   0.01488  0.006292         0   0.02117        13       640    0.8707    0.8457    0.9271    0.6086   0.07483   0.02605         0
   457/599     3.35G   0.01723  0.006625         0   0.02385         8       640    0.8495    0.8718    0.9269    0.6103   0.07503   0.02583         0
   458/599     3.35G   0.01574  0.006896         0   0.02264        18       640    0.8544     0.859    0.9247    0.6071   0.07518   0.02564         0
   459/599     3.35G   0.01685  0.006682         0   0.02353        10       640    0.8642    0.8486    0.9252    0.6048   0.07517   0.02579         0
   460/599     3.35G    0.0166  0.007157         0   0.02376        23       640     0.814    0.9103    0.9204    0.5979    0.0751   0.02593         0
   461/599     3.35G   0.01624  0.006586         0   0.02282        14       640     0.819     0.905    0.9229     0.601    0.0744    0.0264         0
   462/599     3.35G   0.01533  0.006691         0   0.02202        19       640    0.8119    0.9077    0.9299    0.6087   0.07394   0.02668         0
   463/599     3.35G   0.01685   0.00683         0   0.02368        17       640    0.8546    0.8588    0.9295    0.6085   0.07395   0.02671         0
   464/599     3.35G   0.01737  0.006912         0   0.02428        16       640    0.8673    0.8462    0.9242    0.6037   0.07416   0.02667         0
   465/599     3.35G   0.01751  0.006913         0   0.02442        29       640    0.8684    0.8458    0.9218    0.5995   0.07433   0.02661         0
   466/599     3.35G   0.01626  0.006704         0   0.02297        17       640    0.8743    0.8462    0.9214    0.5978   0.07411   0.02677         0
   467/599     3.35G   0.01738  0.007015         0   0.02439        21       640    0.8582    0.8538    0.9218    0.6057   0.07379   0.02704         0
   468/599     3.35G   0.01545  0.006718         0   0.02217        12       640    0.8141    0.9103    0.9229    0.6066   0.07364   0.02738         0
   469/599     3.35G   0.01499  0.006817         0   0.02181        10       640     0.808    0.9179    0.9214    0.6034   0.07368   0.02708         0
   470/599     3.35G   0.01885  0.006835         0   0.02569         5       640    0.8021    0.9256    0.9201    0.6031   0.07384     0.027         0
   471/599     3.35G   0.01523  0.006585         0   0.02181        16       640    0.8637    0.8615    0.9227    0.5998   0.07387   0.02668         0
   472/599     3.35G   0.01628  0.007045         0   0.02332        45       640    0.8871     0.846    0.9236    0.6033   0.07333   0.02691         0
   473/599     3.35G   0.01673  0.006657         0   0.02339        25       640    0.8723     0.859    0.9268     0.603   0.07323   0.02718         0
   474/599     3.35G   0.01782  0.007354         0   0.02517        10       640    0.8705    0.8793    0.9282     0.604   0.07355   0.02695         0
   475/599     3.35G   0.01489  0.007169         0   0.02206        35       640    0.8473    0.8846    0.9247    0.6039   0.07382   0.02677         0
   476/599     3.35G   0.01856  0.006492         0   0.02506        16       640    0.8529    0.8795    0.9268    0.6048   0.07414   0.02647         0
   477/599     3.35G    0.0172  0.006609         0   0.02381        24       640    0.8616    0.8487    0.9251    0.6075   0.07429   0.02619         0
   478/599     3.35G   0.01658  0.006511         0   0.02309        20       640     0.814    0.8872    0.9194    0.6042   0.07429   0.02614         0
   479/599     3.35G   0.01735  0.006737         0   0.02408        20       640    0.8434    0.8563    0.9181    0.6003   0.07439   0.02623         0
   480/599     3.35G   0.01506  0.006301         0   0.02137        10       640    0.8117    0.8974    0.9217    0.6061    0.0745    0.0264         0
   481/599     3.35G   0.01804  0.006659         0    0.0247        19       640    0.8824    0.8282    0.9223    0.6057   0.07456   0.02631         0
   482/599     3.35G   0.01553   0.00673         0   0.02226        17       640    0.8671    0.8538    0.9225    0.6024   0.07456   0.02632         0
   483/599     3.35G   0.01647  0.006471         0   0.02294        25       640    0.8691    0.8509    0.9209    0.5985   0.07434   0.02659         0
   484/599     3.35G   0.01959  0.006362         0   0.02595        28       640    0.8877    0.8308     0.921    0.6051   0.07383   0.02694         0
   485/599     3.35G   0.01679  0.006732         0   0.02352        30       640    0.8732    0.8487    0.9231    0.6023   0.07348   0.02727         0
   486/599     3.35G   0.01745  0.006418         0   0.02387        20       640    0.8445    0.8795    0.9246    0.6026   0.07355   0.02728         0
   487/599     3.35G   0.01976  0.007156         0   0.02691        32       640    0.8707    0.8487    0.9228    0.6038   0.07376   0.02706         0
   488/599     3.35G   0.01623  0.006917         0   0.02315        23       640    0.8608    0.8563    0.9201    0.6004    0.0739   0.02702         0
   489/599     3.35G   0.01413  0.006845         0   0.02098        12       640    0.8403    0.8769     0.921    0.6021   0.07403   0.02699         0
   490/599     3.35G   0.01404  0.006756         0    0.0208        18       640     0.843    0.8821    0.9256    0.6061   0.07404   0.02674         0
   491/599     3.35G   0.01431  0.007023         0   0.02133        20       640    0.8431    0.8819    0.9242    0.6029   0.07412   0.02666         0
   492/599     3.35G   0.01688  0.006861         0   0.02375        13       640    0.8486    0.8766    0.9232    0.6021   0.07415   0.02655         0
   493/599     3.35G   0.01452  0.006644         0   0.02117        23       640    0.8373    0.8846    0.9224    0.6017   0.07416   0.02684         0
   494/599     3.35G   0.01647  0.006663         0   0.02313        33       640    0.8407    0.8794    0.9258    0.6027   0.07406   0.02681         0
   495/599     3.35G   0.01642  0.006953         0   0.02338        25       640    0.8429    0.8692    0.9267    0.6038   0.07405   0.02671         0
   496/599     3.35G   0.01556  0.006302         0   0.02186        20       640    0.8013    0.9204    0.9268     0.605   0.07391   0.02693         0
   497/599     3.35G   0.01593  0.006504         0   0.02244         9       640    0.8274    0.8974    0.9273    0.6067   0.07388   0.02691         0
   498/599     3.35G   0.01491  0.006469         0   0.02138        29       640    0.8264    0.9152    0.9304    0.6042   0.07395   0.02683         0
   499/599     3.35G    0.0165  0.006229         0   0.02273        16       640    0.8251    0.9073    0.9292    0.6047   0.07383   0.02686         0
   500/599     3.35G   0.01898   0.00636         0   0.02534        10       640    0.8325    0.8923    0.9255     0.602   0.07365    0.0268         0
   501/599     3.35G   0.01572   0.00671         0   0.02243        19       640    0.8593    0.8667    0.9204     0.599   0.07355   0.02685         0
   502/599     3.35G   0.01539  0.006463         0   0.02185        13       640    0.8535    0.8667    0.9253    0.6036   0.07338   0.02716         0
   503/599     3.35G   0.01822  0.006922         0   0.02515        15       640    0.8443    0.8769    0.9256    0.6056   0.07361    0.0274         0
   504/599     3.35G   0.01542  0.006181         0    0.0216        22       640    0.8408    0.8821    0.9257    0.6058    0.0738   0.02724         0
   505/599     3.35G   0.01749  0.006756         0   0.02424        21       640    0.8469    0.8793    0.9254    0.6063   0.07391   0.02705         0
   506/599     3.35G   0.01689  0.006897         0   0.02379        29       640    0.8324    0.8923    0.9238    0.6054   0.07379     0.027         0
   507/599     3.35G   0.01549  0.006436         0   0.02193        16       640    0.8353    0.8846    0.9229    0.6072   0.07351   0.02725         0
   508/599     3.35G     0.019  0.006545         0   0.02554        30       640    0.8423    0.8767    0.9239    0.6061   0.07337   0.02743         0
   509/599     3.35G   0.01771  0.006585         0    0.0243        10       640    0.8525    0.8744    0.9241    0.6069   0.07345   0.02716         0
   510/599     3.35G   0.01684  0.006475         0   0.02331        16       640    0.8496    0.8846    0.9245    0.6075    0.0736   0.02705         0
   511/599     3.35G   0.01686  0.006264         0   0.02313        10       640    0.8473    0.8821    0.9244    0.6061   0.07363   0.02738         0
   512/599     3.35G   0.01577    0.0064         0   0.02217        19       640    0.8422    0.8769    0.9225     0.607   0.07347   0.02755         0
   513/599     3.35G    0.0189  0.006596         0    0.0255        23       640    0.8478    0.8718    0.9215    0.6045   0.07321   0.02735         0
   514/599     3.35G   0.01623  0.006455         0   0.02268        13       640    0.8568    0.8744    0.9266    0.6079   0.07316   0.02729         0
   515/599     3.35G   0.01716  0.006752         0   0.02391        33       640    0.8467    0.8921    0.9279    0.6078    0.0733   0.02736         0
   516/599     3.35G   0.01673  0.006847         0   0.02358        15       640    0.8501    0.8872    0.9291    0.6105   0.07327   0.02726         0
   517/599     3.35G    0.0174  0.006404         0   0.02381        30       640    0.8451    0.8821    0.9292    0.6142   0.07322   0.02734         0
   518/599     3.35G   0.01784  0.006738         0   0.02458        16       640    0.8641    0.8638    0.9277    0.6097   0.07348   0.02726         0
   519/599     3.35G   0.01595  0.006767         0   0.02272        28       640    0.8641     0.864    0.9283    0.6078   0.07356   0.02724         0
   520/599     3.35G   0.01563  0.006179         0    0.0218        18       640    0.8451    0.8816      0.93    0.6102   0.07363   0.02726         0
   521/599     3.35G   0.01778   0.00659         0   0.02437        13       640    0.8521    0.8716    0.9309    0.6116   0.07341   0.02727         0
   522/599     3.35G   0.01747  0.006253         0   0.02372        19       640    0.8543    0.8717    0.9286    0.6168   0.07314   0.02731         0
   523/599     3.35G    0.0158   0.00695         0   0.02275        10       640    0.8339    0.8923    0.9238     0.612    0.0733   0.02718         0
   524/599     3.35G   0.01689  0.006493         0   0.02338        31       640    0.8293       0.9     0.925    0.6152   0.07314   0.02733         0
   525/599     3.35G   0.01495  0.006782         0   0.02174        23       640    0.8276    0.9077    0.9291    0.6132   0.07299   0.02749         0
   526/599     3.35G   0.01619  0.006577         0   0.02276        18       640    0.8302    0.9153    0.9296    0.6099   0.07295   0.02755         0
   527/599     3.35G   0.01657  0.007041         0   0.02361        19       640    0.8298    0.9126    0.9299    0.6168   0.07309   0.02741         0
   528/599     3.35G   0.01761  0.007015         0   0.02463        19       640    0.8287    0.9179    0.9305    0.6149   0.07314   0.02745         0
   529/599     3.35G   0.01627  0.006186         0   0.02246        22       640    0.8233    0.9202    0.9284     0.608   0.07287   0.02783         0
   530/599     3.35G   0.01624  0.006978         0   0.02321        22       640    0.8789    0.8562    0.9239    0.6027   0.07267   0.02784         0
   531/599     3.35G   0.01582  0.006944         0   0.02276        22       640    0.8818    0.8615     0.924     0.605   0.07271   0.02762         0
   532/599     3.35G   0.01833   0.00688         0   0.02521        21       640    0.8756    0.8664    0.9237    0.6065   0.07271   0.02761         0
   533/599     3.35G   0.01666  0.006379         0   0.02304        31       640    0.8677    0.8743    0.9233    0.6045    0.0724   0.02793         0
   534/599     3.35G   0.01661  0.006963         0   0.02358        28       640    0.8625    0.8692    0.9236    0.6042   0.07248   0.02808         0
   535/599     3.35G   0.01619  0.006885         0   0.02307        22       640    0.8453    0.8872    0.9224    0.6055   0.07313   0.02773         0
   536/599     3.35G   0.01863  0.006704         0   0.02534         9       640    0.8536    0.8818    0.9227    0.6052   0.07352   0.02762         0
   537/599     3.35G   0.01639  0.006631         0   0.02302        18       640    0.8476    0.8846    0.9241    0.6069   0.07389   0.02745         0
   538/599     3.35G   0.01467  0.006332         0     0.021        22       640    0.8353    0.8971     0.923     0.604   0.07408   0.02739         0
   539/599     3.35G   0.01567  0.006456         0   0.02213         9       640     0.827     0.907    0.9212    0.6022   0.07403   0.02726         0
   540/599     3.35G   0.01762  0.006479         0    0.0241        16       640    0.8248     0.905     0.919    0.6061   0.07396   0.02708         0
   541/599     3.35G   0.01863  0.006906         0   0.02554        12       640    0.8273    0.8974    0.9207    0.6054   0.07385   0.02712         0
   542/599     3.35G   0.01528  0.006402         0   0.02168        17       640      0.86    0.8666    0.9228    0.6078   0.07381   0.02719         0
   543/599     3.35G   0.01747  0.006716         0   0.02419        25       640    0.8538    0.8718    0.9211    0.6045   0.07382   0.02716         0
   544/599     3.35G   0.01839  0.006841         0   0.02523        30       640    0.8448    0.8795    0.9234     0.604   0.07374   0.02729         0
   545/599     3.35G   0.01639  0.006515         0   0.02291        17       640    0.8414    0.8844    0.9256    0.6016   0.07352   0.02745         0
   546/599     3.35G   0.01689  0.006611         0    0.0235        11       640    0.8435    0.8845    0.9237       0.6   0.07344    0.0273         0
   547/599     3.35G   0.01966  0.006441         0    0.0261         8       640    0.8507    0.8767    0.9237    0.6012   0.07341   0.02733         0
   548/599     3.35G    0.0165  0.006399         0    0.0229        11       640    0.8277       0.9    0.9257    0.6025   0.07333   0.02751         0
   549/599     3.35G   0.01746  0.007187         0   0.02465         9       640    0.8349    0.8948    0.9256    0.6015   0.07286    0.0277         0
   550/599     3.35G   0.01894  0.006532         0   0.02548        23       640    0.8206    0.9146    0.9257    0.6011   0.07274   0.02782         0
   551/599     3.35G   0.01727  0.006952         0   0.02422        30       640    0.8428    0.8821    0.9256    0.6015    0.0729   0.02782         0
   552/599     3.35G   0.01715  0.006653         0    0.0238        12       640    0.8493    0.8821    0.9249    0.5987   0.07306   0.02772         0
   553/599     3.35G   0.01695  0.006506         0   0.02346        26       640     0.886     0.859    0.9247    0.5979   0.07283   0.02766         0
   554/599     3.35G   0.01793  0.006853         0   0.02478        11       640    0.8788    0.8741    0.9255    0.5999   0.07253   0.02764         0
   555/599     3.35G   0.01697   0.00688         0   0.02385        17       640    0.8837    0.8769    0.9246    0.6011   0.07254   0.02766         0
   556/599     3.35G   0.01729  0.006824         0   0.02411        21       640    0.8792    0.8795    0.9235    0.5975   0.07248   0.02761         0
   557/599     3.35G   0.01978  0.007081         0   0.02686        25       640      0.89    0.8718    0.9224     0.595   0.07243   0.02761         0
   558/599     3.35G   0.01728  0.007143         0   0.02442        29       640    0.8614    0.8949    0.9207    0.5937   0.07249   0.02762         0
   559/599     3.35G   0.01685  0.006872         0   0.02372         6       640    0.8589    0.8895    0.9209    0.5978   0.07256   0.02766         0
   560/599     3.35G   0.01784  0.006925         0   0.02477        10       640    0.8621     0.882    0.9236    0.5989    0.0725   0.02766         0
   561/599     3.35G    0.0202  0.006738         0   0.02694        14       640    0.8681    0.8795    0.9249    0.6002   0.07234   0.02771         0
   562/599     3.35G   0.01678   0.00618         0   0.02296         8       640    0.8599    0.8846    0.9253    0.6002    0.0724   0.02772         0
   563/599     3.35G   0.01899  0.006741         0   0.02574        10       640    0.8575    0.8794    0.9226    0.5973   0.07255   0.02769         0
   564/599     3.35G   0.01715   0.00664         0   0.02379        10       640    0.8615    0.8769     0.923    0.5968   0.07242   0.02776         0
   565/599     3.35G   0.01749  0.006841         0   0.02433        13       640    0.8484    0.8897    0.9253     0.599    0.0721   0.02793         0
   566/599     3.35G   0.01958  0.006728         0   0.02631        15       640    0.8561    0.8845     0.926    0.5989   0.07196   0.02798         0
   567/599     3.35G   0.01959  0.006971         0   0.02656        16       640    0.8577    0.8821    0.9259    0.5983   0.07206   0.02785         0
   568/599     3.35G   0.02176  0.006584         0   0.02834        14       640    0.8606    0.8867    0.9274    0.6067   0.07222    0.0277         0
   569/599     3.35G   0.01798  0.006663         0   0.02464        11       640      0.86     0.882    0.9285    0.6078   0.07225   0.02758         0
   570/599     3.35G   0.01679  0.006918         0    0.0237        14       640    0.8428    0.9077    0.9292     0.608   0.07214   0.02762         0
   571/599     3.35G   0.01754  0.006771         0   0.02431        20       640     0.842    0.9026    0.9291    0.6093   0.07218   0.02771         0
   572/599     3.35G   0.01821   0.00659         0   0.02479        23       640    0.8358    0.9051    0.9278    0.6083   0.07203   0.02762         0
   573/599     3.35G   0.01795  0.006709         0   0.02466        14       640    0.8686    0.8667    0.9284    0.6092   0.07196   0.02763         0
   574/599     3.35G   0.01894  0.007056         0     0.026        20       640     0.874    0.8717    0.9315    0.6061   0.07203   0.02766         0
   575/599     3.35G   0.01819  0.006391         0   0.02458        17       640     0.874    0.8712     0.933    0.6058   0.07218   0.02765         0
   576/599     3.35G   0.02004  0.006439         0   0.02648        18       640    0.8453    0.8974    0.9302     0.605   0.07204   0.02781         0
   577/599     3.35G   0.01929  0.006973         0   0.02627        25       640    0.8374       0.9    0.9267    0.6035   0.07198   0.02781         0
   578/599     3.35G   0.01813  0.006877         0   0.02501         8       640    0.8363    0.9051    0.9267    0.6024   0.07201   0.02776         0
   579/599     3.35G   0.01778  0.007004         0   0.02478        14       640    0.8441    0.9025    0.9276    0.6057   0.07196   0.02775         0
   580/599     3.35G   0.01797  0.007307         0   0.02528        45       640    0.8461    0.9026    0.9288    0.6069   0.07197   0.02774         0
   581/599     3.35G   0.01676  0.006462         0   0.02322        15       640    0.8488    0.8923    0.9297    0.6061   0.07201   0.02778         0
   582/599     3.35G   0.01776   0.00699         0   0.02474        10       640    0.8515    0.8846      0.93     0.604   0.07213   0.02776         0
   583/599     3.35G   0.01666  0.006671         0   0.02333         5       640    0.8591    0.8769    0.9286    0.6012   0.07231   0.02767         0
   584/599     3.35G   0.01949  0.006424         0   0.02591        13       640    0.8528    0.8765     0.929     0.604   0.07219   0.02771         0
   585/599     3.35G   0.01798  0.006756         0   0.02474        24       640     0.849    0.8795    0.9299    0.6056   0.07197   0.02772         0
   586/599     3.35G   0.01721  0.007147         0   0.02436        25       640    0.8711    0.8538    0.9282     0.605   0.07186   0.02757         0
   587/599     3.35G   0.01616  0.006865         0   0.02303        21       640    0.8263    0.9025    0.9269    0.6049   0.07189   0.02757         0
   588/599     3.35G   0.01675  0.006881         0   0.02364        24       640    0.8716     0.853    0.9265     0.608   0.07191   0.02757         0
   589/599     3.35G   0.02113   0.00643         0   0.02756        11       640    0.8221    0.9128    0.9269    0.6042   0.07201   0.02762         0
   590/599     3.35G    0.0177   0.00663         0   0.02433        11       640    0.8348    0.9073    0.9264    0.6006   0.07209   0.02762         0
   591/599     3.35G   0.01835  0.006508         0   0.02486        21       640    0.8677    0.8742    0.9263    0.6011   0.07216   0.02765         0
   592/599     3.35G   0.01826  0.006207         0   0.02447        24       640    0.8596    0.8795    0.9264    0.6046   0.07224   0.02755         0
   593/599     3.35G   0.01796  0.006661         0   0.02462        15       640    0.8476    0.8846    0.9272    0.6065   0.07216   0.02743         0
   594/599     3.35G   0.01769  0.006643         0   0.02433        17       640    0.8521    0.8744    0.9281    0.6052   0.07223   0.02748         0
   595/599     3.35G    0.0171  0.006597         0    0.0237        22       640    0.8528    0.8768    0.9269    0.6055   0.07231   0.02746         0
   596/599     3.35G    0.0201  0.006626         0   0.02673        18       640    0.8373    0.8974    0.9262    0.6048   0.07218   0.02756         0
   597/599     3.35G   0.01915   0.00665         0    0.0258        21       640    0.8505    0.8897    0.9257    0.6003   0.07205   0.02778         0
   598/599     3.35G   0.01672  0.006785         0    0.0235        23       640    0.8421    0.8897    0.9235    0.6009   0.07233   0.02781         0
   599/599     3.35G   0.01783  0.006592         0   0.02442        26       640    0.8394    0.8897    0.9221    0.5967   0.07233   0.02779         0
