      0/99     3.29G   0.07689   0.02106         0   0.09795        11       640  0.001346   0.08462 0.0001325 1.724e-05    0.1022   0.03316         0
      1/99     3.29G   0.06539   0.01895         0   0.08434        17       640  0.002299    0.1795 0.0004277  7.28e-05    0.1004   0.03264         0
      2/99     3.29G   0.05314   0.01782         0   0.07096        22       640   0.02582    0.2615   0.01552  0.003305    0.1007   0.03185         0
      3/99     3.29G   0.04402   0.01624         0   0.06025        25       640    0.2863    0.3513    0.2089   0.04505     0.097   0.02936         0
      4/99     3.29G    0.0382   0.01443         0   0.05263        17       640    0.3049    0.4795    0.3102   0.06462   0.09411   0.03104         0
      5/99     3.29G   0.03457   0.01343         0     0.048        10       640    0.1734    0.2051   0.09883   0.01654    0.1102   0.02301         0
      6/99     3.29G   0.03669   0.01337         0   0.05006        11       640    0.1985    0.4795     0.191   0.04546    0.1013   0.02779         0
      7/99     3.29G   0.03475   0.01305         0   0.04781        23       640      0.59    0.6273    0.6239    0.2586    0.1035   0.02463         0
      8/99     3.29G   0.03448   0.01131         0   0.04579        24       640    0.1679   0.08462   0.05407   0.01343    0.1103   0.02647         0
      9/99     3.29G   0.03672   0.01312         0   0.04984        18       640    0.4122    0.4821    0.3777    0.1056   0.09276   0.03015         0
     10/99     3.29G    0.0362   0.01214         0   0.04834        33       640    0.4197     0.623    0.4634    0.1484   0.09413   0.02714         0
     11/99     3.29G   0.03256   0.01329         0   0.04585        20       640    0.4885    0.5513    0.4771    0.1943    0.0939   0.02812         0
     12/99     3.29G   0.03131   0.01108         0   0.04239        39       640    0.4908    0.6308    0.5025    0.2013   0.09097   0.02727         0
     13/99     3.29G   0.03155   0.01056         0   0.04211        18       640      0.78    0.6923    0.7486    0.3066   0.09436   0.02478         0
     14/99     3.29G   0.02808  0.009809         0   0.03789        22       640    0.7251    0.6718      0.67    0.3335   0.09269   0.02557         0
     15/99     3.29G   0.02702  0.009461         0   0.03648        14       640    0.7675    0.8125    0.8475    0.3993   0.09265    0.0233         0
     16/99     3.29G   0.02876   0.00945         0   0.03821         6       640    0.7555    0.7949    0.8186     0.455   0.09128   0.02324         0
     17/99     3.29G   0.02691  0.009366         0   0.03628         5       640    0.7476    0.8506    0.8573    0.4098   0.08959    0.0249         0
     18/99     3.29G    0.0269  0.009038         0   0.03594        20       640     0.772    0.8179    0.8476    0.4959   0.08925    0.0234         0
     19/99     3.29G   0.02531  0.009602         0   0.03491        32       640     0.776    0.8351    0.8702    0.5361   0.08957   0.02302         0
     20/99     3.29G   0.02302  0.008765         0   0.03179        18       640    0.7835    0.8513      0.88    0.5191   0.09079   0.02283         0
     21/99     3.29G   0.02728  0.009793         0   0.03707        10       640    0.8075    0.8179    0.8683    0.5253   0.09101   0.02223         0
     22/99     3.29G   0.02068  0.009471         0   0.03015        15       640    0.7637    0.8795    0.8819    0.5353   0.09266   0.02029         0
     23/99     3.29G   0.02439  0.008253         0   0.03265        28       640    0.8431    0.8154    0.8912    0.5207   0.08973   0.02214         0
     24/99     3.29G   0.02223   0.00866         0   0.03089        22       640    0.8123    0.8256    0.8956    0.5494   0.09089   0.02077         0
     25/99     3.29G   0.02089  0.008275         0   0.02916        10       640    0.5018    0.2385    0.2307    0.1196   0.09568   0.04264         0
     26/99     3.29G   0.02762   0.01108         0    0.0387        28       640    0.6567    0.6475     0.655    0.3657   0.09185   0.02567         0
     27/99     3.29G   0.02451   0.01007         0   0.03458        14       640    0.4056    0.5692    0.3301    0.1763   0.09213   0.02865         0
     28/99     3.29G   0.02221  0.009341         0   0.03155        26       640    0.6614    0.7718    0.6948    0.4056   0.08785   0.02607         0
     29/99     3.29G   0.02241  0.009227         0   0.03164        15       640    0.5047    0.5486    0.4247    0.2271   0.09047   0.02962         0
     30/99     3.29G   0.02658  0.009399         0   0.03598        21       640    0.6134    0.5821    0.5609    0.3139   0.09086   0.02911         0
     31/99     3.29G   0.02331  0.009531         0   0.03284        27       640    0.7352    0.7487    0.7684    0.4526   0.08943   0.02862         0
     32/99     3.29G   0.02259  0.008704         0   0.03129        16       640    0.7826    0.8128    0.8487    0.5062   0.08678   0.02723         0
     33/99     3.29G   0.02431  0.009423         0   0.03373        41       640    0.8371    0.7923    0.8767    0.5384   0.08491   0.02559         0
     34/99     3.29G   0.02045  0.009085         0   0.02954        18       640    0.8008    0.8454    0.8912     0.544   0.08456   0.02509         0
     35/99     3.29G   0.02358  0.008984         0   0.03257        14       640    0.7758    0.8871    0.8907    0.5435   0.08445   0.02489         0
     36/99     3.29G    0.0233  0.008143         0   0.03144        18       640    0.7881    0.8692    0.8917    0.5368   0.08431   0.02418         0
     37/99     3.29G   0.02153   0.00855         0   0.03008        26       640    0.8521       0.8    0.8955    0.5471    0.0827   0.02513         0
     38/99     3.29G   0.02151  0.009016         0   0.03053        12       640    0.7895    0.8949    0.8972    0.5438    0.0823   0.02561         0
     39/99     3.29G   0.02238  0.008069         0   0.03045        11       640    0.8492    0.8385    0.8973    0.5528   0.08306   0.02386         0
     40/99     3.29G   0.02121  0.009511         0   0.03072        24       640    0.8162    0.8359    0.8721    0.5284   0.08383   0.02239         0
     41/99     3.29G    0.0236  0.008286         0   0.03188        28       640    0.8159    0.8436    0.8853    0.5477   0.08284   0.02355         0
     42/99     3.29G   0.02161  0.008475         0   0.03009         9       640    0.8576    0.8231    0.9048    0.5515   0.08302   0.02394         0
     43/99     3.29G   0.02098   0.00847         0   0.02945        35       640    0.8426    0.8512    0.9033    0.5728   0.08155   0.02476         0
     44/99     3.29G   0.02086  0.008649         0   0.02951        23       640    0.8774    0.8254    0.9156     0.564   0.08197   0.02471         0
     45/99     3.29G   0.02015  0.007866         0   0.02802        14       640    0.8294    0.8744    0.9096    0.5692   0.08201   0.02489         0
     46/99     3.29G   0.02086  0.008153         0   0.02902        20       640    0.8503    0.8615    0.9106    0.5774   0.08207   0.02416         0
     47/99     3.29G   0.01883  0.008419         0   0.02725        31       640    0.8767    0.8513    0.9191     0.576    0.0816   0.02449         0
     48/99     3.29G   0.01781   0.00838         0   0.02619        22       640    0.8712    0.8324    0.9137    0.5787    0.0793   0.02607         0
     49/99     3.29G   0.01776   0.00831         0   0.02607        31       640    0.8434    0.8436    0.9088    0.5759   0.07846   0.02653         0
     50/99     3.29G   0.01852  0.008268         0   0.02679        29       640     0.875    0.8255     0.917    0.5812   0.07872   0.02669         0
     51/99     3.29G   0.01981  0.007935         0   0.02774        11       640    0.8594    0.8487    0.9189    0.5788   0.07934   0.02661         0
     52/99     3.29G   0.01881  0.008313         0   0.02712        16       640     0.807     0.859    0.8861    0.5729   0.07843   0.02805         0
     53/99     3.29G   0.01861  0.008277         0   0.02689        17       640    0.8116    0.8839    0.8928    0.5706   0.07809   0.02695         0
     54/99     3.29G   0.02068  0.008387         0   0.02907        10       640    0.8152    0.8615    0.9046    0.5796   0.07748   0.02742         0
     55/99     3.29G   0.02388  0.008423         0    0.0323         7       640    0.8362    0.8641    0.9125    0.5676    0.0782   0.02652         0
     56/99     3.29G   0.01944  0.008267         0   0.02771        31       640    0.8502    0.8586     0.918    0.5771   0.07805   0.02701         0
     57/99     3.29G   0.01812  0.008343         0   0.02647        12       640      0.84    0.8613     0.912    0.5724   0.07807   0.02747         0
     58/99     3.29G   0.02187  0.008133         0      0.03        15       640    0.8219    0.8638    0.9114    0.5769   0.07723   0.02801         0
     59/99     3.29G   0.01832  0.008166         0   0.02649        12       640    0.8761    0.8179     0.909    0.5765   0.07687   0.02768         0
     60/99     3.29G    0.0169  0.008141         0   0.02504        17       640    0.8239    0.8758    0.9114    0.5716   0.07663   0.02723         0
     61/99     3.29G   0.01747  0.007204         0   0.02467        29       640    0.8889    0.8203    0.9222     0.586    0.0765   0.02731         0
     62/99     3.29G   0.01865  0.007861         0   0.02652        10       640    0.8846    0.8254    0.9181    0.5847   0.07677   0.02729         0
     63/99     3.29G    0.0193  0.008678         0   0.02798        31       640    0.8688    0.8333    0.9134    0.5796   0.07772   0.02663         0
     64/99     3.29G   0.01795  0.007757         0   0.02571        16       640    0.8505    0.8461    0.9181    0.5765   0.07814   0.02687         0
     65/99     3.29G   0.01822  0.007536         0   0.02576        17       640    0.8299    0.8641    0.9194    0.5847   0.07715   0.02704         0
     66/99     3.29G   0.01888  0.007455         0   0.02633        19       640     0.848     0.859    0.9142    0.5752    0.0766   0.02746         0
     67/99     3.29G   0.01855  0.007583         0   0.02614        17       640    0.8067    0.8897     0.914    0.5748   0.07639   0.02748         0
     68/99     3.29G    0.0184   0.00779         0   0.02619        19       640    0.8506    0.8614    0.9149    0.5712   0.07678   0.02723         0
     69/99     3.29G   0.01834  0.007937         0   0.02628        20       640    0.8433     0.869    0.9194    0.5774   0.07676   0.02733         0
     70/99     3.29G   0.01736  0.008134         0    0.0255        11       640    0.8385    0.8795     0.922     0.585   0.07683   0.02712         0
     71/99     3.29G    0.0162  0.007571         0   0.02377         6       640    0.8529    0.8538    0.9199    0.5822    0.0764    0.0271         0
     72/99     3.29G    0.0211  0.007899         0   0.02899        15       640    0.8566    0.8436    0.9214    0.5841   0.07612   0.02701         0
     73/99     3.29G   0.01733   0.00793         0   0.02526        18       640    0.8427    0.8385    0.9156    0.5811   0.07621   0.02687         0
     74/99     3.29G   0.01874  0.007743         0   0.02648        15       640    0.8523    0.8435    0.9176    0.5872   0.07699   0.02599         0
     75/99     3.29G   0.01779  0.007676         0   0.02547        24       640     0.849    0.8513     0.924    0.5895   0.07696   0.02659         0
     76/99     3.29G   0.01771  0.007941         0   0.02565        37       640    0.8704    0.8436    0.9206    0.5841   0.07788   0.02694         0
     77/99     3.29G   0.01862  0.007583         0    0.0262        17       640    0.8633    0.8462    0.9226    0.5878   0.07828   0.02632         0
     78/99     3.29G   0.01771  0.008066         0   0.02578        25       640    0.8747    0.8462    0.9269    0.5915   0.07864   0.02568         0
     79/99     3.29G   0.01866  0.007616         0   0.02628        27       640    0.8492    0.8665    0.9256    0.5894   0.07872   0.02556         0
     80/99     3.29G   0.01963  0.007376         0     0.027        10       640    0.8752    0.8462    0.9201      0.59    0.0788   0.02543         0
     81/99     3.29G   0.01856  0.007531         0   0.02609        17       640      0.87    0.8409    0.9148      0.59   0.07841   0.02536         0
     82/99     3.29G   0.01857  0.007608         0   0.02618        40       640    0.8679    0.8436    0.9194    0.5962   0.07804   0.02529         0
     83/99     3.29G   0.01543  0.007446         0   0.02287        23       640    0.8817     0.841     0.919    0.5915     0.078   0.02539         0
     84/99     3.29G   0.01914  0.007229         0   0.02637        22       640    0.9192    0.8179    0.9204    0.5852   0.07813   0.02566         0
     85/99     3.29G   0.01852  0.007629         0   0.02615        13       640    0.9065    0.8204    0.9252    0.5887    0.0779   0.02556         0
     86/99     3.29G   0.01814   0.00746         0    0.0256        23       640    0.8847    0.8462    0.9195    0.5831   0.07788   0.02553         0
     87/99     3.29G   0.01595  0.007846         0    0.0238        38       640    0.8959    0.8383    0.9325    0.5888   0.07755   0.02554         0
     88/99     3.29G   0.01696   0.00742         0   0.02438        22       640    0.9072    0.8025    0.9276     0.589    0.0773   0.02581         0
     89/99     3.29G   0.01742  0.007532         0   0.02495        17       640    0.8787    0.8356    0.9284     0.591   0.07698    0.0257         0
     90/99     3.29G   0.01605  0.008248         0   0.02429        21       640    0.8843    0.8427    0.9258    0.5955   0.07666   0.02591         0
     91/99     3.29G   0.01596  0.007568         0   0.02353        18       640    0.8598    0.8513    0.9192    0.5882    0.0768   0.02642         0
     92/99     3.29G   0.01862  0.007456         0   0.02608        12       640     0.877    0.8436    0.9219    0.5819   0.07691   0.02631         0
     93/99     3.29G   0.01641   0.00773         0   0.02414        22       640    0.8488     0.864    0.9281    0.5923   0.07668   0.02624         0
     94/99     3.29G   0.01756  0.007655         0   0.02521         6       640    0.8983    0.8179    0.9279    0.5872   0.07668   0.02633         0
     95/99     3.29G   0.01762  0.007459         0   0.02507        29       640    0.8959    0.8205    0.9224    0.5915    0.0766   0.02614         0
     96/99     3.29G   0.01904  0.007345         0   0.02639        20       640    0.8989    0.8231     0.925    0.5888   0.07654   0.02636         0
     97/99     3.29G   0.02022   0.00818         0    0.0284        20       640    0.8649    0.8385    0.9185    0.5852   0.07675   0.02661         0
     98/99     3.29G   0.01737  0.007788         0   0.02515        17       640    0.8729     0.828    0.9198    0.5864   0.07667   0.02662         0
     99/99     3.29G   0.01621  0.007822         0   0.02403        17       640    0.8609    0.8282    0.9185    0.5889   0.07649   0.02689         0
