     0/299     3.33G   0.07744   0.02101         0   0.09846        11       640  0.001199   0.08718  0.000121 1.694e-05    0.1018   0.03342         0
     1/299     3.34G    0.0673   0.01917         0   0.08647        17       640  0.002157    0.1692 0.0003808 5.655e-05   0.09515   0.03455         0
     2/299     3.34G   0.05306    0.0182         0   0.07126        22       640  0.007783    0.3923  0.004358 0.0008443     0.104   0.03096         0
     3/299     3.34G   0.03871   0.01657         0   0.05528        25       640    0.1686    0.3095    0.1332   0.02042    0.1049   0.02685         0
     4/299     3.34G   0.03406     0.014         0   0.04807        17       640     0.193    0.4538    0.1825   0.03429    0.1026   0.02661         0
     5/299     3.34G   0.04166    0.0108         0   0.05246        10       640    0.4216    0.5046    0.4001    0.1089    0.1098   0.02328         0
     6/299     3.34G   0.04024   0.01099         0   0.05123        11       640    0.6093    0.6557    0.5981    0.2017    0.1134   0.02063         0
     7/299     3.34G   0.03708   0.01224         0   0.04932        23       640    0.4483    0.6773    0.5544    0.2145    0.1077   0.02362         0
     8/299     3.34G   0.03287   0.01164         0    0.0445        24       640    0.6583    0.6126    0.6492    0.2781    0.1055   0.02353         0
     9/299     3.34G   0.03254   0.01343         0   0.04597        18       640    0.4689    0.6385     0.542    0.2154    0.1042   0.02419         0
    10/299     3.34G   0.03512   0.01142         0   0.04654        33       640    0.4991    0.6974    0.5343    0.2113    0.1013   0.02379         0
    11/299     3.34G   0.03014   0.01031         0   0.04045        20       640    0.7371    0.6974    0.7455    0.3177   0.09585   0.02323         0
    12/299     3.34G   0.02907  0.009722         0    0.0388        39       640    0.7251    0.6897    0.7633    0.3585    0.0965   0.02163         0
    13/299     3.34G   0.02708  0.009575         0   0.03665        18       640    0.7309    0.8051    0.8226    0.4299   0.09919   0.02074         0
    14/299     3.34G   0.02647  0.009834         0   0.03631        22       640    0.7603    0.8459    0.8385    0.4767   0.09511    0.0211         0
    15/299     3.34G   0.02293  0.009397         0   0.03233        14       640    0.7567    0.8385    0.8082    0.4757   0.09088   0.02107         0
    16/299     3.34G   0.02434  0.009355         0    0.0337         6       640    0.8381    0.8096    0.8749    0.4353   0.09541   0.02045         0
    17/299     3.34G   0.02539  0.008905         0    0.0343         5       640    0.7886    0.8704    0.8628    0.5242   0.08831   0.02047         0
    18/299     3.34G   0.02172  0.008977         0   0.03069        20       640    0.6423    0.7923    0.6861    0.3728   0.08815   0.02299         0
    19/299     3.34G   0.02348   0.01063         0   0.03411        32       640    0.7257    0.8487    0.8387    0.4879   0.08704   0.02133         0
    20/299     3.34G   0.02106  0.009003         0   0.03006        18       640     0.815    0.8021    0.8568    0.4621   0.08551   0.02216         0
    21/299     3.34G   0.02331  0.009862         0   0.03317        10       640    0.8332    0.8128    0.8684     0.384   0.08591   0.02251         0
    22/299     3.34G   0.02094  0.008868         0   0.02981        15       640    0.8172    0.8615    0.8884    0.5265   0.08222   0.02232         0
    23/299     3.34G   0.02128  0.008069         0   0.02935        28       640    0.8018    0.8922    0.8861    0.5251   0.08137   0.02221         0
    24/299     3.34G   0.02084  0.008512         0   0.02935        22       640    0.8111    0.8872    0.8862    0.5189   0.08068   0.02178         0
    25/299     3.34G   0.01936  0.007786         0   0.02715        10       640    0.8382    0.8897    0.9139    0.5743   0.07984   0.02166         0
    26/299     3.34G   0.02157  0.007686         0   0.02925        28       640    0.8867    0.8229    0.9068    0.5181   0.08137   0.02124         0
    27/299     3.34G   0.02055  0.007852         0    0.0284        14       640    0.8677     0.841    0.9115    0.5638   0.07922   0.02162         0
    28/299     3.34G   0.01725  0.007573         0   0.02482        26       640    0.8457    0.8718    0.9133     0.552   0.07957   0.02099         0
    29/299     3.34G   0.01823  0.007583         0   0.02582        15       640     0.835    0.8846    0.8964    0.5565   0.07888   0.02159         0
    30/299     3.34G   0.01928  0.007369         0   0.02665        21       640    0.8336    0.8607    0.8858    0.5508   0.07851   0.02143         0
    31/299     3.34G   0.02028  0.007788         0   0.02806        27       640    0.8715    0.8538     0.911    0.5769   0.07785   0.02099         0
    32/299     3.34G   0.01976  0.007544         0   0.02731        16       640    0.7816    0.8385    0.8667    0.5438   0.07887   0.02159         0
    33/299     3.34G   0.02166  0.008307         0   0.02996        41       640    0.8116    0.8615    0.8907    0.5531   0.07995   0.02139         0
    34/299     3.34G   0.01778  0.008302         0   0.02608        18       640    0.7839    0.9026    0.9032    0.5756   0.07957   0.02132         0
    35/299     3.34G   0.02085  0.008062         0   0.02891        14       640     0.826    0.8641    0.9114    0.5806   0.07902   0.02172         0
    36/299     3.34G   0.02073  0.007373         0    0.0281        18       640    0.8072    0.8589    0.8915    0.5615   0.07814   0.02191         0
    37/299     3.34G   0.01943  0.008016         0   0.02745        26       640    0.8773    0.8077    0.9087    0.5646    0.0785   0.02157         0
    38/299     3.34G    0.0184  0.007777         0   0.02618        12       640    0.8736    0.8333    0.9143    0.5856   0.07788   0.02147         0
    39/299     3.34G   0.01823  0.007224         0   0.02545        11       640    0.8549    0.8613    0.9176    0.5842   0.07728   0.02129         0
    40/299     3.34G   0.01796  0.008325         0   0.02629        24       640    0.8285    0.8795    0.9093    0.5742   0.07718   0.02164         0
    41/299     3.34G   0.03992   0.01131         0   0.05123        28       640         0         0         0         0     0.131    0.1439         0
    42/299     3.34G   0.03937   0.01734         0   0.05671         9       640    0.0018  0.007692 2.513e-05 9.688e-06    0.1436     1.158         0
    43/299     3.34G   0.03403   0.01454         0   0.04857        35       640   0.01562   0.02051 0.0005101 0.0002161    0.1396    0.4165         0
    44/299     3.34G    0.0315   0.01427         0   0.04577        23       640   0.04159    0.2077    0.0141  0.004449    0.1183   0.03666         0
    45/299     3.34G   0.02877   0.01253         0    0.0413        14       640    0.2139    0.5128    0.1628   0.06954   0.09199   0.03519         0
    46/299     3.34G   0.02731   0.01255         0   0.03986        20       640    0.4819    0.4846     0.413    0.1859   0.09077   0.03132         0
    47/299     3.34G    0.0253   0.01234         0   0.03763        31       640    0.6159    0.6128    0.6175    0.3211   0.09018   0.02869         0
    48/299     3.34G   0.02339   0.01184         0   0.03524        22       640    0.6734    0.6795    0.7079    0.3913   0.08842   0.02649         0
    49/299     3.34G   0.02363   0.01141         0   0.03503        31       640    0.7692    0.6664    0.7699     0.429   0.08692   0.02744         0
    50/299     3.34G   0.02341   0.01101         0   0.03442        29       640    0.6915    0.8513    0.8242    0.4692   0.08589   0.02548         0
    51/299     3.34G   0.02373   0.01016         0   0.03389        11       640    0.7624     0.759    0.7945    0.4455   0.08597   0.02534         0
    52/299     3.34G   0.02278   0.01045         0   0.03323        16       640    0.7495    0.7538     0.792    0.4449   0.08643   0.02582         0
    53/299     3.34G    0.0229   0.01023         0   0.03313        17       640    0.7511    0.7894     0.787    0.4478    0.0869   0.02487         0
    54/299     3.34G   0.02293   0.01024         0   0.03318        10       640    0.7241    0.8478    0.8296    0.4837   0.08608   0.02515         0
    55/299     3.34G   0.02434   0.01001         0   0.03435         7       640    0.7053    0.8615    0.8377    0.4907   0.08694   0.02722         0
    56/299     3.34G   0.02138  0.009832         0   0.03121        31       640    0.7349    0.8814    0.8599    0.5041    0.0861   0.02545         0
    57/299     3.34G   0.02057  0.009423         0   0.02999        12       640    0.7857    0.8177    0.8551    0.4923   0.08566   0.02492         0
    58/299     3.34G   0.02377  0.009857         0   0.03363        15       640    0.7733    0.8231    0.8599    0.5017   0.08642   0.02569         0
    59/299     3.34G   0.02285  0.009569         0   0.03242        12       640    0.7354    0.6629    0.7432     0.406   0.08994   0.02472         0
    60/299     3.34G   0.02199   0.01092         0   0.03291        17       640    0.6208    0.3923    0.4074    0.1916   0.09927   0.03167         0
    61/299     3.34G   0.02378  0.009919         0    0.0337        29       640    0.6743    0.5872    0.6193     0.341   0.09264   0.02676         0
    62/299     3.34G   0.02549    0.0106         0   0.03609        10       640    0.3436    0.6189     0.322    0.1386   0.09188   0.04273         0
    63/299     3.34G   0.02801   0.01331         0   0.04133        31       640    0.5717     0.641     0.595    0.3157   0.09222   0.02852         0
    64/299     3.34G   0.02549   0.01197         0   0.03746        16       640    0.4458    0.4744    0.4067    0.1968   0.09339   0.03294         0
    65/299     3.34G    0.0253   0.01089         0   0.03619        17       640    0.6564     0.559     0.599    0.3269   0.09118   0.02944         0
    66/299     3.34G   0.02536   0.01019         0   0.03555        19       640    0.7274    0.6843    0.7305    0.4029   0.08923   0.02693         0
    67/299     3.34G   0.02416   0.01057         0   0.03473        17       640    0.4103    0.4667    0.3531    0.1581   0.09644   0.03317         0
    68/299     3.34G   0.02594   0.01136         0    0.0373        19       640    0.2616    0.6641    0.2421    0.1163   0.09062    0.0312         0
    69/299     3.34G   0.02553   0.01147         0     0.037        20       640    0.6749    0.5923    0.6739    0.3636   0.08737   0.02776         0
    70/299     3.34G   0.02429    0.0114         0   0.03569        11       640     0.658    0.7026    0.7327    0.4009   0.08579   0.02914         0
    71/299     3.34G    0.0227   0.01069         0   0.03339         6       640    0.7573    0.7282    0.7866    0.4396   0.08586   0.02731         0
    72/299     3.34G   0.02359   0.01076         0   0.03435        15       640    0.6934    0.7886     0.791    0.4438   0.08535   0.02709         0
    73/299     3.34G   0.02288   0.01038         0   0.03327        18       640     0.704    0.8051    0.8045    0.4331   0.08608   0.02634         0
    74/299     3.34G   0.02284   0.01018         0   0.03302        15       640    0.7405    0.8051    0.8194    0.4674   0.08424   0.02626         0
    75/299     3.34G   0.02271   0.01002         0   0.03274        24       640    0.7934    0.7384    0.8286    0.4915   0.08305    0.0265         0
    76/299     3.34G   0.02359   0.01135         0   0.03493        37       640    0.7087    0.8049    0.7895    0.4558    0.0828   0.02688         0
    77/299     3.34G   0.02269   0.01086         0   0.03356        17       640    0.6916    0.8049    0.7845    0.4421   0.08322   0.02666         0
    78/299     3.34G   0.02183   0.01089         0   0.03272        25       640    0.6802    0.7692    0.7679    0.4353    0.0826   0.02678         0
    79/299     3.34G   0.02297   0.01039         0   0.03336        27       640    0.7286    0.7846    0.8101    0.4623   0.08203   0.02674         0
    80/299     3.34G   0.02436  0.009742         0    0.0341        10       640    0.7516    0.8224    0.8441    0.4868   0.08146   0.02658         0
    81/299     3.34G   0.02286  0.009516         0   0.03238        17       640     0.772    0.8074    0.8534    0.4916   0.08117   0.02553         0
    82/299     3.34G   0.02175  0.009684         0   0.03143        40       640    0.7433    0.8333     0.844    0.4977   0.08056   0.02583         0
    83/299     3.34G   0.02078   0.00912         0    0.0299        23       640    0.7589       0.8     0.841    0.4953   0.08024   0.02574         0
    84/299     3.34G   0.02287  0.009191         0   0.03206        22       640    0.7442     0.858    0.8511    0.5014   0.07995   0.02532         0
    85/299     3.34G   0.02077    0.0096         0   0.03037        13       640    0.7843    0.8128    0.8643     0.514   0.08023   0.02592         0
    86/299     3.34G   0.02122  0.009122         0   0.03034        23       640    0.7816    0.8534    0.8894    0.5248   0.08038   0.02552         0
    87/299     3.34G   0.01976  0.009342         0    0.0291        38       640    0.8162    0.8085     0.884    0.5259    0.0806   0.02434         0
    88/299     3.34G   0.01895  0.009009         0   0.02796        22       640    0.7731    0.8564    0.8783    0.5133   0.08075   0.02409         0
    89/299     3.34G   0.02081  0.009085         0    0.0299        17       640    0.7609    0.8406    0.8606     0.506   0.08069   0.02378         0
    90/299     3.34G   0.01993   0.01011         0   0.03004        21       640    0.7832    0.8538    0.8778    0.5263    0.0811   0.02444         0
    91/299     3.34G   0.01915  0.008898         0   0.02805        18       640    0.7933    0.8385    0.8767    0.5251   0.08098    0.0242         0
    92/299     3.34G   0.02084  0.008592         0   0.02943        12       640     0.822    0.8049    0.8689    0.5235   0.08141    0.0245         0
    93/299     3.34G   0.01902  0.009015         0   0.02803        22       640    0.7901    0.8588    0.8804    0.5266   0.08179   0.02432         0
    94/299     3.34G   0.02175  0.009171         0   0.03092         6       640    0.7883    0.8308    0.8522    0.5098   0.08151   0.02414         0
    95/299     3.34G   0.02006  0.008967         0   0.02903        29       640    0.7758    0.8538    0.8771    0.5264   0.08118   0.02348         0
    96/299     3.34G   0.02132  0.008754         0   0.03007        20       640    0.7829    0.8615    0.8812     0.537   0.08128    0.0243         0
    97/299     3.34G   0.02406  0.009699         0   0.03376        20       640    0.7786    0.8846    0.8974     0.543   0.08091   0.02397         0
    98/299     3.34G   0.02063  0.009249         0   0.02987        17       640    0.7486      0.84    0.8368    0.5158   0.08061   0.02508         0
    99/299     3.34G   0.02032  0.009975         0    0.0303        17       640    0.8223    0.8205    0.8815    0.5218   0.08152    0.0235         0
   100/299     3.34G   0.01947  0.009592         0   0.02906        11       640    0.7985    0.8434    0.8706    0.5176   0.08113   0.02262         0
   101/299     3.34G    0.0235  0.009735         0   0.03323        22       640    0.7995    0.8279    0.8496    0.5059   0.08104   0.02316         0
   102/299     3.34G   0.02252    0.0101         0   0.03262        34       640    0.7419    0.8844    0.8576    0.5049    0.0804   0.02407         0
   103/299     3.34G   0.02123  0.009602         0   0.03083        25       640    0.7686    0.8692    0.8689    0.5223   0.07999   0.02389         0
   104/299     3.34G    0.0212  0.008933         0   0.03013         8       640    0.7887    0.8615    0.8644     0.515   0.07967   0.02389         0
   105/299     3.34G   0.02603   0.01204         0   0.03807        14       640    0.1946    0.1564   0.07285   0.03039   0.09199   0.04678         0
   106/299     3.34G   0.02379   0.01281         0    0.0366        24       640    0.6522    0.7116    0.6995    0.3771   0.08088   0.02866         0
   107/299     3.34G   0.02593   0.01089         0   0.03682        25       640     0.723    0.7897    0.8036    0.4509   0.08006   0.02676         0
   108/299     3.34G   0.02144   0.01011         0   0.03155        14       640    0.7688    0.8128    0.8424    0.4929   0.07982   0.02596         0
   109/299     3.34G   0.02024  0.009183         0   0.02943        11       640    0.7815    0.8359    0.8648    0.5043   0.08044   0.02565         0
   110/299     3.34G   0.02319  0.009076         0   0.03227        12       640    0.7816    0.8536    0.8656     0.509   0.08045   0.02589         0
   111/299     3.34G   0.02116  0.008904         0   0.03007        17       640    0.7831    0.8425    0.8614    0.5178   0.08072   0.02584         0
   112/299     3.34G   0.02241  0.009617         0   0.03203        14       640    0.7705    0.8435    0.8418    0.4955   0.08112   0.02645         0
   113/299     3.34G   0.01992  0.009387         0    0.0293        19       640    0.7896    0.8513    0.8687    0.5143   0.08013   0.02492         0
   114/299     3.34G   0.02119  0.009344         0   0.03053        34       640    0.8068    0.8458    0.8749    0.5051   0.08102   0.02499         0
   115/299     3.34G   0.02276  0.008576         0   0.03134        38       640    0.7902    0.8513    0.8677    0.5084   0.08157   0.02424         0
   116/299     3.34G   0.02118  0.008901         0   0.03008        10       640    0.7808    0.8513     0.856    0.5139   0.08147   0.02414         0
   117/299     3.34G   0.02092  0.008649         0   0.02957        15       640    0.8433    0.8026    0.8811    0.5194   0.08222   0.02417         0
   118/299     3.34G   0.01985  0.008644         0    0.0285        18       640    0.7966    0.8744    0.8883    0.5329   0.08169   0.02397         0
   119/299     3.34G   0.02142  0.008347         0   0.02977        24       640     0.793    0.8846    0.8848    0.5219   0.08158   0.02327         0
   120/299     3.34G   0.02089  0.008536         0   0.02943        16       640    0.7972    0.8666    0.8912     0.531   0.08151   0.02351         0
   121/299     3.34G   0.02295  0.008747         0    0.0317        16       640    0.8146    0.8224    0.8754    0.5289   0.08114   0.02389         0
   122/299     3.34G   0.02078  0.008729         0   0.02951        20       640    0.8224    0.8282    0.8836    0.5302   0.08053   0.02434         0
   123/299     3.34G    0.0202  0.008537         0   0.02873        31       640    0.7564    0.8999    0.8747    0.5266   0.08019   0.02473         0
   124/299     3.34G   0.01945   0.00819         0   0.02764        15       640    0.8122    0.8462    0.8867    0.5343   0.07945   0.02467         0
   125/299     3.34G   0.01935  0.008071         0   0.02742        31       640    0.8048    0.8561    0.8953    0.5368   0.07883   0.02519         0
   126/299     3.34G   0.01961   0.00881         0   0.02842        16       640    0.8133    0.8513    0.8966    0.5412   0.07887     0.026         0
   127/299     3.34G   0.01918  0.008679         0   0.02786        13       640    0.7949    0.8667    0.8851    0.5377   0.07902   0.02609         0
   128/299     3.34G   0.01955  0.008417         0   0.02797        31       640    0.7841    0.8846    0.8924    0.5499   0.07876   0.02486         0
   129/299     3.34G   0.01968   0.00854         0   0.02822        11       640    0.8042    0.8741    0.8866    0.5366   0.07899   0.02501         0
   130/299     3.34G   0.01927  0.008618         0   0.02789        32       640     0.813     0.859    0.8909     0.545   0.07909   0.02528         0
   131/299     3.34G   0.01982  0.008367         0   0.02819        12       640    0.7868    0.8897    0.8869    0.5406   0.07917   0.02462         0
   132/299     3.34G   0.01968  0.008585         0   0.02826        21       640    0.8083    0.8564    0.8859    0.5367   0.07936   0.02431         0
   133/299     3.34G   0.02051  0.008168         0   0.02867        10       640    0.8126    0.8561    0.8914      0.54   0.07932   0.02474         0
   134/299     3.34G   0.01994  0.007905         0   0.02784        23       640    0.7965    0.8641    0.8914     0.543   0.07948   0.02483         0
   135/299     3.34G   0.02092  0.008065         0   0.02899         7       640    0.8011    0.8692    0.9018    0.5544   0.07967   0.02426         0
   136/299     3.34G   0.02043  0.008555         0   0.02899        10       640    0.7612    0.8256    0.8252    0.4913   0.08259   0.02441         0
   137/299     3.34G   0.02018  0.008808         0   0.02899        26       640    0.8316    0.8256     0.887     0.541   0.08061   0.02462         0
   138/299     3.34G   0.01911  0.008055         0   0.02717        13       640    0.7952    0.8564      0.89    0.5469   0.07982   0.02547         0
   139/299     3.34G   0.02076  0.008426         0   0.02918        15       640    0.8212    0.8256    0.8777    0.5328    0.0806   0.02521         0
   140/299     3.34G   0.02118  0.008155         0   0.02934        32       640    0.7961    0.8409    0.8816    0.5357   0.08095   0.02403         0
   141/299     3.34G   0.02135  0.008571         0   0.02992        20       640     0.798    0.8487    0.8845    0.5384    0.0811    0.0238         0
   142/299     3.34G   0.01925  0.008599         0   0.02785        37       640    0.8027    0.8359    0.8858    0.5487   0.08086   0.02342         0
   143/299     3.34G   0.01801  0.008404         0   0.02642         8       640    0.7597    0.8846    0.8862    0.5517   0.08083   0.02352         0
   144/299     3.34G   0.01939  0.008095         0   0.02748        33       640    0.7729    0.8816    0.8903    0.5545   0.08065   0.02348         0
   145/299     3.34G   0.02154  0.008731         0   0.03027        24       640    0.7495    0.8692    0.8672    0.5248   0.08084   0.02403         0
   146/299     3.34G    0.0205  0.008575         0   0.02908        19       640    0.8196    0.8153    0.8912    0.5342   0.08101   0.02429         0
   147/299     3.34G   0.01921  0.008408         0   0.02762        15       640    0.8015    0.8513    0.8934     0.539   0.08034   0.02451         0
   148/299     3.34G   0.01842  0.008434         0   0.02685        17       640    0.7932    0.8769    0.8865    0.5484   0.07972   0.02426         0
   149/299     3.34G    0.0234  0.008451         0   0.03185        17       640    0.7869     0.871    0.8851    0.5411   0.07942   0.02476         0
   150/299     3.34G   0.02122  0.008583         0    0.0298        16       640    0.7798       0.9    0.9035    0.5573   0.07867   0.02421         0
   151/299     3.34G   0.02172  0.009113         0   0.03083        20       640    0.8082    0.8667    0.9049    0.5653   0.07903   0.02413         0
   152/299     3.34G   0.02071  0.008101         0   0.02881        18       640    0.8216    0.8382    0.8926    0.5531   0.07901    0.0243         0
   153/299     3.34G   0.02071   0.00854         0   0.02925        14       640    0.7754    0.9051    0.8967    0.5625   0.07844   0.02382         0
   154/299     3.34G   0.01777  0.008543         0   0.02631        16       640    0.7913    0.8557    0.8798     0.545   0.07802   0.02486         0
   155/299     3.34G   0.01835  0.007969         0   0.02632         9       640    0.7999     0.841    0.8855    0.5447   0.07823   0.02555         0
   156/299     3.34G   0.01834   0.00829         0   0.02663        24       640    0.7762    0.8641    0.8768    0.5427   0.07879   0.02559         0
   157/299     3.34G   0.01852  0.008267         0   0.02679        12       640    0.8114    0.8718    0.8849    0.5508   0.07967   0.02498         0
   158/299     3.34G   0.02181  0.008644         0   0.03045        22       640    0.8115    0.8941    0.8977    0.5576    0.0795   0.02407         0
   159/299     3.34G   0.02099  0.008183         0   0.02917        15       640    0.7527    0.8817    0.8483    0.5082    0.0795   0.02547         0
   160/299     3.34G   0.02175  0.009515         0   0.03127        15       640    0.7944    0.8818    0.8766    0.5276   0.07965   0.02498         0
   161/299     3.34G   0.01822  0.008923         0   0.02714        11       640    0.7928    0.8769    0.8715    0.5212   0.07959   0.02538         0
   162/299     3.34G    0.0189  0.008816         0   0.02772        13       640    0.7873    0.8846    0.8861     0.543   0.07876   0.02441         0
   163/299     3.34G   0.02172  0.009221         0   0.03094        26       640    0.8337    0.8355    0.8954    0.5557   0.07874   0.02392         0
   164/299     3.34G   0.01784  0.007574         0   0.02541        17       640    0.8202    0.8538    0.9015    0.5578   0.07859   0.02409         0
   165/299     3.34G   0.01951  0.008205         0   0.02771        21       640    0.8132    0.8718    0.9062    0.5652   0.07857   0.02413         0
   166/299     3.34G   0.01893  0.007981         0   0.02691        23       640    0.7863    0.8872    0.9047    0.5589   0.07898   0.02419         0
   167/299     3.34G    0.0188  0.008005         0    0.0268        14       640    0.8342    0.8254    0.8926    0.5484    0.0787   0.02447         0
   168/299     3.34G   0.01887  0.008465         0   0.02734        27       640    0.8283    0.8436    0.8953    0.5477   0.07886   0.02404         0
   169/299     3.34G   0.02077  0.008942         0   0.02972        18       640    0.8326    0.8308    0.8736    0.5272   0.07941   0.02394         0
   170/299     3.34G   0.01921  0.008039         0   0.02725        11       640    0.8317    0.8026    0.8809    0.5367   0.07955   0.02449         0
   171/299     3.34G   0.02058  0.007757         0   0.02833        44       640    0.8245    0.8333    0.8927    0.5559   0.07833   0.02456         0
   172/299     3.34G   0.02196  0.008219         0   0.03018        33       640    0.7788    0.8665    0.8863    0.5483    0.0783    0.0242         0
   173/299     3.34G   0.02075  0.008035         0   0.02878        11       640    0.7956    0.8436    0.8874    0.5361    0.0785   0.02532         0
   174/299     3.34G   0.01935  0.008443         0    0.0278         9       640    0.7783    0.8819    0.8962    0.5482   0.07776    0.0259         0
   175/299     3.34G   0.02221  0.008498         0   0.03071         7       640    0.8087    0.8456    0.8872    0.5466   0.07782   0.02638         0
   176/299     3.34G   0.02157  0.008173         0   0.02974         9       640    0.8125    0.8538     0.902    0.5635   0.07731   0.02577         0
   177/299     3.34G   0.01926  0.007854         0   0.02711        33       640    0.8155    0.8614    0.8957    0.5622   0.07699   0.02552         0
   178/299     3.34G   0.01905  0.007724         0   0.02678        13       640    0.8265    0.8793    0.9018    0.5623   0.07716   0.02526         0
   179/299     3.34G   0.01984  0.008625         0   0.02846        38       640    0.8372    0.8333    0.8903    0.5613    0.0775   0.02594         0
   180/299     3.34G   0.01862  0.008182         0    0.0268        20       640    0.7828    0.8692    0.8873    0.5512   0.07718   0.02593         0
   181/299     3.34G   0.02226  0.008816         0   0.03107        20       640    0.7893    0.8564    0.8874    0.5531   0.07604   0.02536         0
   182/299     3.34G   0.02083  0.008645         0   0.02948        30       640    0.8159    0.8538    0.8956    0.5579   0.07525   0.02524         0
   183/299     3.34G   0.01875  0.007916         0   0.02666        19       640    0.8499    0.8128    0.8993    0.5559   0.07604   0.02543         0
   184/299     3.34G   0.01991  0.008492         0    0.0284        29       640    0.8451    0.8116     0.888    0.5469   0.07626   0.02537         0
   185/299     3.34G   0.02024  0.008139         0   0.02838        12       640    0.8019    0.8436    0.8909    0.5545   0.07644   0.02585         0
   186/299     3.34G   0.02041  0.008814         0   0.02923        29       640    0.8303    0.8406    0.9036    0.5584    0.0765   0.02477         0
   187/299     3.34G   0.01912  0.008124         0   0.02725        22       640    0.8538    0.7974    0.8928    0.5539   0.07656   0.02537         0
   188/299     3.34G   0.02185  0.008166         0   0.03001        18       640    0.8516    0.8103    0.8988    0.5557   0.07662   0.02551         0
   189/299     3.34G   0.01924  0.008095         0   0.02734        32       640    0.8149    0.8692    0.9124    0.5691   0.07643   0.02544         0
   190/299     3.34G   0.01948  0.008277         0   0.02775        19       640    0.7997    0.8846    0.9056    0.5628   0.07604   0.02551         0
   191/299     3.34G   0.02062  0.007559         0   0.02818        16       640    0.8306    0.8173    0.8973    0.5587   0.07585    0.0261         0
   192/299     3.34G   0.02117  0.007911         0   0.02908        18       640    0.7819    0.8639    0.8968    0.5533   0.07622   0.02604         0
   193/299     3.34G   0.01828  0.008056         0   0.02633        29       640    0.8078     0.841    0.8989    0.5604   0.07607   0.02621         0
   194/299     3.34G   0.01667  0.007617         0   0.02429        12       640    0.8177    0.8511    0.9068    0.5699   0.07584   0.02611         0
   195/299     3.34G   0.02017  0.008446         0   0.02861         4       640    0.8308    0.8562    0.9082    0.5636   0.07597   0.02596         0
   196/299     3.34G   0.02017  0.008306         0   0.02848         7       640     0.806    0.8307    0.8924    0.5447   0.07601   0.02641         0
   197/299     3.34G   0.01904  0.008022         0   0.02706        25       640    0.7959    0.8615    0.9006    0.5528   0.07536   0.02597         0
   198/299     3.34G   0.02133  0.007902         0   0.02923        14       640    0.8364       0.8    0.8969    0.5558   0.07552   0.02573         0
   199/299     3.34G   0.01809  0.008863         0   0.02696        17       640    0.8209    0.8228    0.8938    0.5588   0.07578   0.02585         0
   200/299     3.34G   0.02089  0.008093         0   0.02898         9       640    0.7797    0.8821    0.8972    0.5607   0.07608   0.02601         0
   201/299     3.34G   0.01935  0.007893         0   0.02725        12       640    0.7939    0.8692    0.9013    0.5675   0.07638   0.02623         0
   202/299     3.34G   0.02005  0.008453         0   0.02851        15       640    0.8126     0.859    0.8964     0.567   0.07637   0.02575         0
   203/299     3.34G   0.01817  0.007918         0   0.02608        15       640    0.8097    0.8508    0.8916     0.556   0.07632   0.02554         0
   204/299     3.34G   0.01789  0.008223         0   0.02612        15       640    0.8227    0.8331    0.8939    0.5664   0.07609   0.02565         0
   205/299     3.34G   0.02121  0.007934         0   0.02915        18       640    0.8221    0.8308    0.8914    0.5625   0.07628   0.02569         0
   206/299     3.34G   0.01864  0.008482         0   0.02712        19       640    0.7919    0.8513     0.888    0.5695   0.07579   0.02558         0
   207/299     3.34G   0.02039  0.007869         0   0.02826        21       640     0.783    0.8718    0.8886    0.5583   0.07571   0.02576         0
   208/299     3.34G   0.02077  0.008046         0   0.02882        20       640    0.8036     0.859    0.8973    0.5658   0.07566   0.02579         0
   209/299     3.34G   0.01799  0.008174         0   0.02617        14       640    0.8211    0.8282    0.9007    0.5649   0.07551   0.02605         0
   210/299     3.34G   0.01899   0.00862         0   0.02761        17       640      0.79     0.859    0.8934    0.5586   0.07554   0.02574         0
   211/299     3.34G   0.01986   0.00831         0   0.02817        14       640    0.7771     0.876    0.8873    0.5645   0.07513   0.02611         0
   212/299     3.34G   0.01986  0.007901         0   0.02776         6       640    0.8142    0.8436    0.8963    0.5635   0.07551    0.0256         0
   213/299     3.34G   0.01842  0.008049         0   0.02647        15       640     0.795    0.8692    0.8939     0.564   0.07552   0.02554         0
   214/299     3.34G   0.01823  0.008146         0   0.02638        15       640    0.8123    0.8436    0.8908    0.5634   0.07535   0.02556         0
   215/299     3.34G   0.01896  0.007863         0   0.02683         9       640    0.7607       0.9     0.892    0.5651   0.07521   0.02598         0
   216/299     3.34G    0.0193  0.008249         0   0.02755        12       640    0.8155    0.8513    0.9008    0.5678   0.07495   0.02584         0
   217/299     3.34G    0.0198  0.007551         0   0.02736        14       640    0.8349    0.8308    0.9035    0.5751   0.07493   0.02615         0
   218/299     3.34G   0.01848  0.008461         0   0.02694        17       640    0.8415    0.8333    0.9054     0.571   0.07493   0.02621         0
   219/299     3.34G   0.01767  0.007933         0    0.0256        22       640    0.7758    0.8795    0.8967    0.5631   0.07513   0.02634         0
   220/299     3.34G   0.01979  0.008033         0   0.02782        26       640    0.7953    0.8666     0.902    0.5686   0.07502   0.02593         0
   221/299     3.34G   0.01716  0.008564         0   0.02573        37       640    0.8038    0.8716    0.9062    0.5693   0.07505   0.02575         0
   222/299     3.34G   0.02064  0.007806         0   0.02845        19       640    0.8093    0.8718    0.9053    0.5752   0.07504   0.02581         0
   223/299     3.34G   0.01725  0.007912         0   0.02516        14       640    0.8267    0.8564    0.9033    0.5755   0.07515   0.02556         0
   224/299     3.34G   0.01965  0.007582         0   0.02724        11       640    0.7972    0.8869    0.9031    0.5627   0.07514   0.02589         0
   225/299     3.34G   0.01862  0.007915         0   0.02654        24       640    0.8165    0.8795    0.9002    0.5605   0.07511   0.02553         0
   226/299     3.34G   0.01775  0.007338         0   0.02509        19       640    0.8046    0.8769    0.8948    0.5649   0.07472   0.02582         0
   227/299     3.34G   0.01995  0.007196         0   0.02714        18       640    0.8088    0.8692    0.8906    0.5602   0.07496    0.0258         0
   228/299     3.34G   0.01904   0.00828         0   0.02732         9       640    0.8055    0.8821    0.8986    0.5606   0.07493   0.02596         0
   229/299     3.34G   0.01913  0.008276         0    0.0274        24       640    0.8147    0.8795    0.9078    0.5769   0.07466   0.02611         0
   230/299     3.34G   0.01812  0.008061         0   0.02618        15       640    0.8186    0.8795    0.9085    0.5749   0.07504   0.02593         0
   231/299     3.34G   0.01967  0.007715         0   0.02739        26       640    0.8128    0.8718    0.9023    0.5702   0.07504   0.02593         0
   232/299     3.34G   0.01837  0.008078         0   0.02644        37       640    0.8082    0.8535    0.8937    0.5639   0.07495   0.02572         0
   233/299     3.34G   0.01893  0.007661         0   0.02659        27       640    0.7993     0.859    0.8954    0.5676   0.07492   0.02631         0
   234/299     3.34G   0.01837  0.008702         0   0.02707        13       640    0.7919    0.8897    0.9057    0.5688   0.07491   0.02607         0
   235/299     3.34G   0.02036  0.008107         0   0.02847        10       640    0.8103    0.8462    0.8976     0.566   0.07518   0.02644         0
   236/299     3.34G    0.0187  0.007867         0   0.02657        30       640    0.7893    0.8742    0.9008    0.5678   0.07505   0.02621         0
   237/299     3.34G   0.01862  0.008323         0   0.02695        37       640    0.8226    0.8564    0.9079     0.573   0.07491    0.0258         0
   238/299     3.34G   0.01875  0.008224         0   0.02698         7       640    0.8215    0.8613    0.9016    0.5659   0.07486    0.0261         0
   239/299     3.34G   0.02251  0.008008         0   0.03052        13       640    0.8161    0.8436    0.8911    0.5656   0.07454   0.02652         0
   240/299     3.34G   0.01968  0.007939         0   0.02762        31       640    0.7954     0.887    0.9017    0.5719   0.07441   0.02633         0
   241/299     3.34G   0.01975  0.008427         0   0.02818        33       640    0.8143    0.8667    0.9097    0.5773   0.07456   0.02635         0
   242/299     3.34G    0.0191  0.007998         0    0.0271        14       640    0.8068    0.8795    0.9073     0.571   0.07482   0.02619         0
   243/299     3.34G   0.01887  0.008087         0   0.02695        12       640     0.797    0.8872    0.9053    0.5727   0.07471    0.0261         0
   244/299     3.34G   0.02046  0.007897         0   0.02836        33       640    0.7991    0.8871    0.9063    0.5735   0.07448   0.02609         0
   245/299     3.34G   0.01884  0.008228         0   0.02706        21       640    0.7995    0.8897    0.9059    0.5738   0.07442   0.02609         0
   246/299     3.34G   0.02132  0.008174         0   0.02949        18       640    0.7972    0.8974    0.9073    0.5865   0.07424   0.02613         0
   247/299     3.34G    0.0195   0.00798         0   0.02748        12       640    0.8141    0.8757    0.9063    0.5777   0.07448   0.02606         0
   248/299     3.34G   0.02161  0.007891         0   0.02951        15       640    0.8357    0.8487    0.9045    0.5721   0.07427   0.02624         0
   249/299     3.34G   0.01664  0.007936         0   0.02457        13       640    0.8334    0.8487    0.9031     0.573   0.07419   0.02624         0
   250/299     3.34G    0.0202  0.007816         0   0.02802        15       640    0.8232    0.8615    0.9053     0.571   0.07395   0.02634         0
   251/299     3.34G   0.01983  0.007917         0   0.02774        21       640    0.8253    0.8615    0.9054    0.5746   0.07365   0.02634         0
   252/299     3.34G    0.0183   0.00743         0   0.02573        25       640    0.8051    0.8795    0.9076    0.5692   0.07383    0.0264         0
   253/299     3.34G   0.01964  0.007724         0   0.02736        15       640    0.7986    0.8743     0.903    0.5687   0.07425   0.02638         0
   254/299     3.34G   0.02024   0.00757         0   0.02781        18       640     0.794    0.8794    0.9017    0.5717   0.07408   0.02639         0
   255/299     3.34G   0.02071  0.007693         0    0.0284        20       640    0.8037    0.8715    0.9042    0.5705   0.07411   0.02649         0
   256/299     3.34G   0.01938  0.008278         0   0.02766         8       640    0.8113    0.8615    0.9069    0.5719   0.07411   0.02642         0
   257/299     3.34G   0.02027  0.008223         0   0.02849        23       640     0.817    0.8587    0.9074    0.5768   0.07415    0.0265         0
   258/299     3.34G   0.01962   0.00813         0   0.02775        25       640    0.7864     0.897    0.9072    0.5793   0.07441   0.02639         0
   259/299     3.34G    0.0183  0.007555         0   0.02586        12       640    0.8046    0.8766    0.9072    0.5776   0.07456   0.02639         0
   260/299     3.34G   0.01761  0.007749         0   0.02536        22       640    0.8087    0.8795    0.9078     0.576   0.07424    0.0261         0
   261/299     3.34G   0.01999   0.00803         0   0.02802        27       640    0.8069    0.8891    0.9043      0.57    0.0742   0.02608         0
   262/299     3.34G   0.01859  0.007669         0   0.02626        14       640    0.7881    0.9062     0.905    0.5739   0.07428   0.02623         0
   263/299     3.34G   0.01921  0.008118         0   0.02732        15       640    0.7845    0.8872    0.9018    0.5706   0.07432   0.02612         0
   264/299     3.34G   0.02032  0.008106         0   0.02842        21       640    0.7999    0.8713    0.8997    0.5706   0.07423   0.02617         0
   265/299     3.34G   0.01787  0.007724         0    0.0256        17       640    0.7976    0.8691    0.9015    0.5737   0.07407    0.0266         0
   266/299     3.34G   0.02092  0.008016         0   0.02894        20       640    0.7971    0.8769    0.9021    0.5693   0.07433   0.02657         0
   267/299     3.34G   0.01847  0.007787         0   0.02625        18       640    0.8071    0.8692    0.9056    0.5734   0.07384   0.02659         0
   268/299     3.34G    0.0205  0.008076         0   0.02858        27       640    0.7785      0.91    0.9135    0.5801   0.07346   0.02643         0
   269/299     3.34G   0.01961  0.007983         0   0.02759        15       640    0.8045    0.8759    0.9137    0.5777   0.07351    0.0265         0
   270/299     3.34G   0.01795  0.007705         0   0.02565        17       640    0.8206     0.856    0.9102    0.5784   0.07368    0.0264         0
   271/299     3.34G   0.01685  0.007559         0   0.02441        15       640    0.8171    0.8615    0.9118    0.5816   0.07378    0.0263         0
   272/299     3.34G   0.02171  0.007978         0   0.02969        13       640     0.804    0.8744    0.9127    0.5809   0.07361   0.02624         0
   273/299     3.34G   0.01761  0.008219         0   0.02583        17       640    0.8037    0.8819    0.9127    0.5826   0.07355   0.02641         0
   274/299     3.34G   0.01953  0.007684         0   0.02721        28       640    0.8097    0.8839    0.9134    0.5791    0.0737   0.02666         0
   275/299     3.34G   0.01805  0.007683         0   0.02573        21       640    0.7882       0.9    0.9113    0.5792   0.07373   0.02667         0
   276/299     3.34G   0.02077  0.007764         0   0.02853        13       640     0.806    0.8744    0.9116    0.5809   0.07357   0.02657         0
   277/299     3.34G   0.01875  0.007303         0   0.02605        21       640    0.8185    0.8564    0.9065     0.574   0.07394   0.02657         0
   278/299     3.34G   0.01964  0.007812         0   0.02745        16       640    0.8146    0.8563    0.8974    0.5682   0.07416   0.02629         0
   279/299     3.34G   0.01969  0.007688         0   0.02738        33       640    0.8184    0.8487    0.8989    0.5676   0.07398   0.02641         0
   280/299     3.34G   0.02033  0.008326         0   0.02866        18       640    0.8057    0.8615    0.8995     0.572   0.07376    0.0264         0
   281/299     3.34G   0.01948  0.008107         0   0.02758        22       640    0.7838    0.8949    0.9015    0.5756   0.07358   0.02665         0
   282/299     3.34G   0.02029  0.007736         0   0.02803        19       640    0.7836    0.9026    0.9018    0.5755   0.07368   0.02704         0
   283/299     3.34G   0.02057  0.008084         0   0.02866        20       640    0.7896    0.8947    0.9058     0.579   0.07363   0.02683         0
   284/299     3.34G   0.02263  0.007312         0   0.02994        22       640     0.791    0.9026    0.9116    0.5806   0.07364   0.02678         0
   285/299     3.34G      0.02   0.00786         0   0.02786        19       640    0.8004     0.884    0.9116    0.5847   0.07336   0.02682         0
   286/299     3.34G   0.01688  0.008049         0   0.02493        12       640    0.7982    0.8923    0.9067    0.5768   0.07347   0.02683         0
   287/299     3.34G   0.01821  0.007775         0   0.02598        12       640     0.806    0.8846    0.9047    0.5741   0.07352   0.02716         0
   288/299     3.34G   0.01999  0.007581         0   0.02757        21       640    0.7984    0.8872    0.9036    0.5723   0.07362   0.02701         0
   289/299     3.34G   0.02017  0.008063         0   0.02824        25       640    0.8094    0.8821     0.908    0.5745   0.07349   0.02685         0
   290/299     3.34G   0.01843  0.007799         0   0.02623        17       640    0.7999    0.8813      0.91    0.5772   0.07347   0.02674         0
   291/299     3.34G   0.02065  0.007774         0   0.02842        23       640    0.8172    0.8615    0.9051    0.5699   0.07382   0.02653         0
   292/299     3.34G   0.01844  0.007607         0   0.02605        21       640    0.8173    0.8615    0.8997    0.5644   0.07382   0.02657         0
   293/299     3.34G   0.01868  0.007831         0   0.02651        12       640    0.8084    0.8667    0.9047     0.567   0.07397   0.02655         0
   294/299     3.34G    0.0192  0.008436         0   0.02764        20       640    0.8222    0.8667    0.9097    0.5702   0.07411    0.0265         0
   295/299     3.34G   0.02025  0.008071         0   0.02832        20       640    0.8099     0.874    0.9031    0.5707   0.07409   0.02637         0
   296/299     3.34G    0.0208  0.007909         0   0.02871        26       640    0.7989    0.8769    0.9037    0.5714   0.07387   0.02638         0
   297/299     3.34G   0.01855  0.008209         0   0.02676         9       640    0.8057    0.8717    0.9042    0.5731   0.07343   0.02647         0
   298/299     3.34G    0.0188  0.007428         0   0.02623        14       640    0.7999    0.8718     0.901     0.573   0.07365   0.02658         0
   299/299     3.34G   0.02036  0.008027         0   0.02838        19       640    0.8066    0.8667    0.9048    0.5749   0.07335   0.02663         0
